,ts,height,velocity,acceleration,altitude_agl,lower_bound,upper_bound
0,61367,1.0534940958023071,0.7269968390464783,0.1917266845703125,3.518284559249878,2.242382267148231,-0.13539407554361693
1,61377,1.11846125125885,0.8198216557502747,-0.11716556549072266,3.518284559249878,2.3073408495267915,-0.07041834700909133
2,61387,1.1416854858398438,0.8447211384773254,0.021303176879882812,3.518284559249878,2.330556623772854,-0.047185652093166386
3,61397,1.1653656959533691,0.8692653775215149,-0.021302223205566406,1.7161051034927368,2.3542283170884053,-0.023496925181666795
4,61407,1.2473974227905273,0.9874880313873291,-0.07456016540527344,3.518284559249878,2.436251583469816,0.058543262111238725
5,61417,1.3279410600662231,1.1016225814819336,-0.13846874237060547,3.518284559249878,2.5167867038259137,0.13909541630653233
6,61427,1.4466966390609741,1.2884835004806519,1.0757980346679688,5.325843334197998,2.635533822244097,0.2578594558778513
7,61437,1.605991005897522,1.552573323249817,2.492443084716797,7.493583679199219,2.794819728443865,0.4171622833511788
8,61447,1.7173938751220703,1.7437704801559448,3.4723777770996094,7.219476699829102,2.906214136971421,0.5285736132727197
9,61457,1.8695393800735474,2.0027287006378174,3.887784957885742,7.219476699829102,3.0583511811656914,0.6807275789814036
10,61467,1.9758988618850708,2.1917052268981934,4.835765838623047,5.325843334197998,3.164702258565441,0.7870954652047004
11,61477,2.1638855934143066,2.5331366062164307,7.104527473449707,7.219476699829102,3.352680585623487,0.9750906012051264
12,61487,2.368610143661499,2.922725200653076,9.660880088806152,9.0270357131958,3.557396787746515,1.179823499576483
13,61497,2.608144998550415,3.3732128143310547,10.672768592834473,9.0270357131958,3.796923238045803,1.4193667590550272
14,61507,2.8869059085845947,3.8890347480773926,11.631402015686035,9.0270357131958,4.0756756870236925,1.6981361301454967
15,61517,3.02376127243042,4.190478801727295,14.10254192352295,7.219476699829102,4.212522646160649,1.8349998987001908
16,61527,3.1592979431152344,4.524687767028809,18.096839904785156,5.325843334197998,4.348050912077172,1.9705449741532972
17,61537,3.332563638687134,4.944514274597168,20.930133819580078,9.0270357131958,4.521308202821355,2.143819074552913
18,61547,3.6782925128936768,5.654800891876221,22.58110809326172,10.474872589111328,4.867028672140757,2.4895563536465968
19,61557,3.926128387451172,6.2135396003723145,24.53032684326172,9.0270357131958,5.114856141751684,2.73740063315066
20,61567,4.2063775062561035,6.836517810821533,26.703224182128906,12.642152786254883,5.395096911960254,3.0176581005519534
21,61577,4.389115333557129,7.313177585601807,28.91872787475586,5.325843334197998,5.577826390606283,3.200404276507975
22,61587,4.507662296295166,7.675685405731201,28.663097381591797,5.325843334197998,5.696365004630689,3.318959587959643
23,61597,4.727488994598389,8.205488204956055,29.515213012695312,9.0270357131958,5.916183354161643,3.538794635035134
24,61607,4.8835062980651855,8.620670318603516,29.302181243896484,7.219476699829102,6.0721923087975345,3.6948202873328366
25,61617,5.118831157684326,9.170846939086914,30.622962951660156,14.444332122802734,6.307508875938743,3.930153439429909
26,61627,5.4484992027282715,9.864866256713867,30.346027374267578,16.257272720336914,6.637168628446906,4.259829777009637
27,61637,5.699881076812744,10.425802230834961,31.017066955566406,10.834593772888184,6.888542209937744,4.5112199436877445
28,61647,5.8898138999938965,10.899064064025879,33.13671112060547,9.0270357131958,7.078466740467409,4.701161059520384
29,61657,6.11607551574707,11.442500114440918,34.94746017456055,12.642152786254883,7.304720007098053,4.927431024396087
30,61667,6.302589416503906,11.924538612365723,36.19367980957031,5.325843334197998,7.49122567150088,5.113953161506933
31,61677,6.522636890411377,12.463164329528809,37.28013229370117,14.444332122802734,7.711264908997268,5.334008871825486
32,61687,6.662593841552734,12.86637020111084,37.80205535888672,5.325843334197998,7.8512136236704695,5.473974059434999
33,61697,6.846495151519775,13.332197189331055,37.52511215209961,-0.08876405656337738,8.03510669711228,5.65788360592727
34,61707,7.044417381286621,13.813998222351074,37.62097930908203,8.667191505432129,8.23302069029682,5.855814072276422
35,61717,7.376199245452881,14.503667831420898,37.02449417114258,16.257272720336914,8.564794374239229,6.187604116666532
36,61727,7.704928398132324,15.17609691619873,36.9179801940918,14.444332122802734,8.893515290222602,6.516341506042045
37,61737,7.974529266357422,15.739920616149902,36.7901611328125,10.834593772888184,9.163107978110864,6.78595055460398
38,61747,8.257342338562012,16.319032669067383,37.045799255371094,10.474872589111328,9.445912813505615,7.068771863618409
39,61757,8.575335502624512,16.93798065185547,36.17237854003906,15.984001159667969,9.763897797118286,7.386773208130738
40,61767,8.971077919006348,17.66987419128418,35.81022644042969,18.064830780029297,10.15963197657651,7.782523861436186
41,61777,9.303050994873047,18.28138542175293,35.35221481323242,14.444332122802734,10.491596815462513,8.11450517428358
42,61787,9.607104301452637,18.836641311645508,35.309608459472656,12.642152786254883,10.795641941422582,8.418566661482691
43,61797,9.925135612487793,19.403961181640625,35.203094482421875,14.084857940673828,11.113665015363262,8.736606209612324
44,61807,10.144695281982422,19.79929542541504,34.95811462402344,9.0270357131958,11.333216560544406,8.956174003420438
45,61817,10.298247337341309,20.07650375366211,34.5959587097168,9.0270357131958,11.486760435114848,9.10973423956777
46,61827,10.48820686340332,20.404817581176758,34.22315979003906,10.474872589111328,11.676711780332104,9.299701946474537
47,61837,10.773734092712402,20.8795223236084,33.78644943237305,14.444332122802734,11.96223088516032,9.585237300264485
48,61847,11.016098022460938,21.276458740234375,33.8397102355957,12.642152786254883,12.204586633951864,9.82760941097001
49,61857,11.358068466186523,21.826589584350586,33.55211639404297,12.642152786254883,12.54654895308512,10.169587979287927
50,61867,11.712740898132324,22.38499641418457,33.17931365966797,14.444332122802734,12.901213260383049,10.5242685358816
51,61877,12.057648658752441,22.9149227142334,32.87042236328125,15.984001159667969,13.246112952721495,10.869184364783388
52,61887,12.451695442199707,23.50591278076172,31.847881317138672,23.584341049194336,13.64015161141019,11.263239272989225
53,61897,12.841596603393555,24.074081420898438,31.251399993896484,23.220109939575195,14.030044704212433,11.653148502574677
54,61907,13.302742004394531,24.74494743347168,30.804039001464844,27.1994571685791,14.491182036767027,12.114301972022036
55,61917,13.73720932006836,25.35767364501953,30.42058563232422,27.1994571685791,14.925641227516419,12.5487774126203
56,61927,14.162819862365723,25.945476531982422,30.335372924804688,27.1994571685791,15.351243701257461,12.974396023473984
57,61937,14.599769592285156,26.537378311157227,29.802799224853516,27.1994571685791,15.788185418989837,13.411353765580476
58,61947,15.049753189086914,27.136390686035156,29.355438232421875,25.39189910888672,16.23816100355052,13.861345374623308
59,61957,15.514226913452148,27.74597930908203,29.01459503173828,23.584341049194336,16.70262671562066,14.325827111283637
60,61967,15.885466575622559,28.18720245361328,28.343551635742188,17.791683197021484,17.07385830901677,14.697074842228346
61,61977,16.212125778198242,28.54288673400879,27.7896728515625,17.791683197021484,17.40050949918894,15.023742057207544
62,61987,16.530685424804688,28.87917709350586,27.7470703125,21.77140235900879,17.71906113333785,15.342309716271528
63,61997,16.92348861694336,29.331317901611328,27.7470703125,17.791683197021484,18.11185631296496,15.735120920921759
64,62007,17.311174392700195,29.7641544342041,27.363616943359375,16.257272720336914,18.499534132582916,16.122814652817475
65,62017,17.621829986572266,30.060287475585938,26.937557220458984,10.474872589111328,18.810181770262844,16.433478202881687
66,62027,17.892366409301758,30.286237716674805,26.937557220458984,16.257272720336914,19.08071023674692,16.704022581856595
67,62037,18.26665687561035,30.6749324798584,26.671268463134766,23.220109939575195,19.454992690328993,17.07832106089171
68,62047,18.737266540527344,31.215654373168945,26.809738159179688,28.65391731262207,19.92559428603721,17.548938795017477
69,62057,19.17510414123535,31.698347091674805,27.214496612548828,30.553058624267578,20.363423873910254,17.98678440856045
70,62067,19.50770378112793,31.99981117248535,27.01211929321289,12.277174949645996,20.696015500913838,18.319392061342022
71,62077,19.777259826660156,32.19219970703125,26.862998962402344,8.667191505432129,20.965563589932405,18.588956063387908
72,62087,19.959632873535156,32.23124313354492,26.074787139892578,12.642152786254883,21.147928680240472,18.77133706682984
73,62097,20.347564697265625,32.60366439819336,26.053482055664062,26.840852737426758,21.53585260378085,19.1592767907504
74,62107,20.613449096679688,32.76418685913086,25.31853485107422,17.791683197021484,21.801729046521803,19.425169146837572
75,62117,20.80835723876953,32.80438232421875,25.190715789794922,19.60474395751953,21.99662928831613,19.620085189222934
76,62127,21.141494750976562,33.060752868652344,24.28533935546875,17.791683197021484,22.32975890017512,19.953230601778007
77,62137,21.446151733398438,33.259761810302734,23.656906127929688,14.444332122802734,22.634407982196425,20.25789548460045
78,62147,21.623743057250977,33.239383697509766,22.74087905883789,14.444332122802734,22.81199140559587,20.435494708906084
79,62157,21.96564292907715,33.47985076904297,22.00592803955078,23.220109939575195,23.15388337691641,20.777402481237885
80,62167,22.35901641845703,33.7939338684082,21.313583374023438,23.220109939575195,23.54724896573814,21.17078387117592
81,62177,22.709726333618164,34.02677536010742,20.621238708496094,25.39189910888672,23.897950980288584,21.521501686947744
82,62187,23.165809631347656,34.42074966430664,19.971500396728516,32.36612319946289,24.35402637735486,21.977592885340453
83,62197,23.555988311767578,34.694419860839844,19.26850128173828,25.033172607421875,24.744197157059027,22.36777946647613
84,62207,23.78020668029785,34.690032958984375,18.959609985351562,15.984001159667969,24.968407681255258,22.592005679340446
85,62217,24.19356346130371,34.982913970947266,17.841205596923828,23.220109939575195,25.38175656144067,23.00537036116675
86,62227,24.618759155273438,35.289310455322266,17.67078399658203,27.1994571685791,25.806944467407398,23.430573843139477
87,62237,24.948028564453125,35.436073303222656,17.809253692626953,23.220109939575195,26.13620603209768,23.75985109680857
88,62247,25.352445602416992,35.703609466552734,17.969024658203125,30.825336456298828,26.540615281956082,24.164275922877902
89,62257,25.75621795654297,35.96002960205078,17.50035858154297,28.65391731262207,26.944379791489443,24.568056121596495
90,62267,26.197792053222656,36.269020080566406,17.031696319580078,23.220109939575195,27.385946099961195,25.009638006484117
91,62277,26.48689079284668,36.31719970703125,16.147621154785156,28.65391731262207,27.675037051326235,25.298744534367124
92,62287,26.907447814941406,36.56879425048828,15.231596946716309,30.825336456298828,28.095586285110922,25.71930934477189
93,62297,27.336362838745117,36.820865631103516,14.34752368927002,28.65391731262207,28.524493520553545,26.14823215693669
94,62307,27.612491607666016,36.81514358520508,13.868208885192871,25.033172607421875,28.8006145010623,26.424368714269733
95,62317,27.97550392150879,36.94816207885742,13.580620765686035,25.033172607421875,29.163618970003547,26.78738887301403
96,62327,28.3892879486084,37.16168212890625,13.55931568145752,34.17918395996094,29.57739520858853,27.201180688628266
97,62337,28.76104736328125,37.29970932006836,13.186514854431152,25.39189910888672,29.9491468346957,27.5729478918668
98,62347,29.02023696899414,37.25381851196289,13.31433391571045,21.41242790222168,30.20832865179185,27.832145286196432
99,62357,29.464338302612305,37.50730895996094,13.016091346740723,34.17918395996094,30.65242225318202,28.27625435204259
100,62367,29.89710235595703,37.73686981201172,12.952181816101074,39.61837387084961,31.085178574248427,28.709026137665635
101,62377,30.164913177490234,37.6920051574707,12.781760215759277,15.984001159667969,31.352981719893528,28.97684463508694
102,62387,30.51357650756836,37.778568267822266,12.696547508239746,30.553058624267578,31.70163726115215,29.32551575398457
103,62397,30.931541442871094,37.97537612915039,12.60068416595459,39.61837387084961,32.119594464025596,29.743488421716595
104,62407,31.183862686157227,37.8983154296875,12.536776542663574,23.220109939575195,32.37190803127375,29.995817341040706
105,62417,31.525033950805664,37.97172546386719,12.97348690032959,28.65391731262207,32.7130715633926,30.33699633821872
106,62427,32.01306915283203,38.288490295410156,13.506060600280762,37.8053092956543,33.201099089281435,30.825039216382624
107,62437,32.29276657104492,38.264808654785156,13.889510154724121,25.033172607421875,33.480788831307194,31.10474431078265
108,62447,32.761878967285156,38.5509033203125,13.932116508483887,37.8053092956543,33.949893551310694,31.573864383259618
109,62457,33.00266647338867,38.45777130126953,13.697787284851074,26.840852737426758,34.19067338112788,31.814659565649464
110,62467,33.4517707824707,38.705074310302734,13.6658296585083,37.8053092956543,34.63977001387398,32.26377155106743
111,62477,33.763023376464844,38.726318359375,13.932116508483887,35.992244720458984,34.95101493148258,32.575031821447105
112,62487,34.288204193115234,39.08310317993164,12.621987342834473,43.2498779296875,35.47618807169784,33.10022031453263
113,62497,34.6024169921875,39.071353912353516,10.757981300354004,21.41242790222168,35.79039325073029,33.41444073364471
114,62507,35.064395904541016,39.292232513427734,9.884560585021973,45.154396057128906,36.25236454299511,33.87642726608692
115,62517,35.397037506103516,39.29136276245117,9.117655754089355,32.36612319946289,36.58499858086568,34.20907643134135
116,62527,35.67743682861328,39.19614791870117,8.212281227111816,37.8053092956543,36.865390339635354,34.48948331759121
117,62537,36.08352279663086,39.30679702758789,8.16967487335205,37.8053092956543,37.27146868741832,34.8955769058434
118,62547,36.40108108520508,39.270545959472656,8.06316089630127,30.553058624267578,37.58901941215578,35.21314275825438
119,62557,36.62672424316406,39.079341888427734,7.5518903732299805,35.992244720458984,37.814655006229835,35.43879348009829
120,62567,36.88496780395508,38.940738677978516,7.136483192443848,25.033172607421875,38.072890946640314,35.69704466126984
121,62577,37.25492858886719,38.98197555541992,6.657166481018066,35.992244720458984,38.44284416757081,36.06701301016356
122,62587,37.571510314941406,38.931983947753906,6.369576454162598,41.43681335449219,38.75941827316709,36.38360235671572
123,62597,37.757171630859375,38.65821838378906,5.293779373168945,28.65391731262207,38.945072025006766,36.569271236711984
124,62607,37.955535888671875,38.40351867675781,4.697297096252441,37.8053092956543,39.14342866224391,36.76764311509984
125,62617,38.026023864746094,37.937381744384766,3.887784957885742,21.41242790222168,39.21390907414314,36.83813865534905
126,62627,38.38792419433594,37.93364334106445,1.8427038192749023,39.61837387084961,39.57580183950983,37.200046549162046
127,62637,38.580039978027344,37.63776779174805,0.31954383850097656,34.17918395996094,39.767910058929914,37.392169897124774
128,62647,38.92396545410156,37.580318450927734,-0.9799346923828125,41.43681335449219,40.11182797068464,37.73610293751849
129,62657,39.24966812133789,37.48274612426758,-2.0876870155334473,39.352054595947266,40.4375230735533,38.06181316912248
130,62667,39.47008514404297,37.2081298828125,-2.6841697692871094,30.553058624267578,40.65793253184254,38.2822377562434
131,62677,39.780433654785156,37.073951721191406,-3.728013038635254,43.2498779296875,40.96827353457213,38.592593774998186
132,62687,40.03770065307617,36.85749816894531,-3.7067103385925293,37.8053092956543,41.225532968351324,38.84986833780102
133,62697,40.287437438964844,36.61835479736328,-5.165961265563965,41.43681335449219,41.47526224613212,39.09961263179757
134,62707,40.41067886352539,36.18367385864258,-4.516221523284912,26.840852737426758,41.59849616253733,39.22286156451345
135,62717,40.677005767822266,35.98823547363281,-4.484267711639404,43.2498779296875,41.86481561508425,39.489195920560284
136,62727,40.739994049072266,35.47480773925781,-3.4084692001342773,32.36612319946289,41.927796388084346,39.552191710060185
137,62737,40.812496185302734,34.97853088378906,-4.1327691078186035,35.992244720458984,42.000291016017464,39.624701354588005
138,62747,40.93525695800781,34.55818557739258,-5.325733184814453,41.43681335449219,42.12304428037772,39.747469635637906
139,62757,41.01301574707031,34.07170486450195,-5.53876256942749,28.65391731262207,42.200795617502195,39.82523587663843
140,62767,40.88685989379883,33.26261520385742,-5.283127307891846,23.220109939575195,42.07463231224593,39.699087475351725
141,62777,40.756126403808594,32.46708679199219,-4.367101192474365,23.220109939575195,41.9438913137692,39.56836149384799
142,62787,40.76307678222656,31.898941040039062,-5.474853515625,28.65391731262207,41.95083424010853,39.5753193243446
143,62797,40.721824645996094,31.250551223754883,-6.316319465637207,26.840852737426758,41.90957470820834,39.53407458378385
144,62807,40.87577438354492,30.9138126373291,-8.148371696472168,39.61837387084961,42.06351705004139,39.68803171704845
145,62817,40.825069427490234,30.24281120300293,-8.659642219543457,25.033172607421875,42.012804698224876,39.63733415675559
146,62827,40.867122650146484,29.730276107788086,-9.160261154174805,33.82102584838867,42.05485046861652,39.67939483167645
147,62837,40.922611236572266,29.24529457092285,-9.330684661865234,32.36612319946289,42.11033160273094,39.734890870413594
148,62847,40.88700866699219,28.62016487121582,-9.320033073425293,28.381471633911133,42.07472163725017,39.699295696734204
149,62857,40.9327278137207,28.13949203491211,-9.064397811889648,30.553058624267578,42.12043338803195,39.74502223940946
150,62867,40.876365661621094,27.49477767944336,-9.628925323486328,28.65391731262207,42.06406389639767,39.68866742684452
151,62877,40.78843307495117,26.804454803466797,-10.108241081237793,28.65391731262207,41.97612385723076,39.60074229267158
152,62887,40.800289154052734,26.284666061401367,-10.406482696533203,30.553058624267578,41.987972483788575,39.612605824316894
153,62897,40.86106491088867,25.85491180419922,-10.150847434997559,39.352054595947266,42.04874084449319,39.673388977284155
154,62907,41.01826477050781,25.59065818786621,-10.012378692626953,37.8053092956543,42.20593330793495,39.830596233080676
155,62917,41.127201080322266,25.248598098754883,-10.427785873413086,37.8053092956543,42.31486227798585,39.93953988265868
156,62927,41.18985366821289,24.839521408081055,-10.118892669677734,37.8053092956543,42.37750746960733,40.00219986681845
157,62937,41.30666732788086,24.522497177124023,-10.310619354248047,37.8053092956543,42.49431373296009,40.11902092280163
158,62947,41.4561767578125,24.266559600830078,-10.182802200317383,37.8053092956543,42.64381582299141,40.26853769263359
159,62957,41.540218353271484,23.911174774169922,-9.735440254211426,34.17918395996094,42.7278500785047,40.35258662803827
160,62967,41.56477737426758,23.47607421875,-8.457263946533203,36.35022735595703,42.752401759509745,40.37715298902541
161,62977,41.734718322753906,23.288909912109375,-8.350749969482422,43.2498779296875,42.92233542442165,40.547101221086166
162,62987,41.862545013427734,23.039737701416016,-7.722312927246094,35.992244720458984,43.05015477501404,40.674935251841426
163,62997,41.903419494628906,22.661453247070312,-6.859544277191162,39.61837387084961,43.091021916088415,40.7158170731694
164,63007,42.093666076660156,22.535350799560547,-6.923453330993652,44.79698944091797,43.281261214410534,40.90607093890978
165,63017,42.16203308105469,22.221038818359375,-5.634625434875488,39.61837387084961,43.349620878587885,40.97444528352149
166,63027,42.31151580810547,22.056241989135742,-4.697296619415283,32.36612319946289,43.49909632183984,41.123935294371094
167,63037,42.530487060546875,22.007314682006836,-4.612084865570068,46.972843170166016,43.71806034690183,41.34291377419192
168,63047,42.69902038574219,21.885040283203125,-3.9516940116882324,41.43681335449219,43.88658638820932,41.51145438327506
169,63057,42.9007682800293,21.82320213317871,-3.248696804046631,41.43681335449219,44.08832699856393,41.713209561494665
170,63067,43.138343811035156,21.836963653564453,-1.7042350769042969,43.2498779296875,44.325895302057724,41.95079232001259
171,63077,43.2509765625,21.659799575805664,-0.45801258087158203,34.45121383666992,44.43852076950106,42.06343235549894
172,63087,43.45613098144531,21.643695831298828,0.3408470153808594,43.2498779296875,44.64366796084599,42.26859400204464
173,63097,43.59739303588867,21.5269775390625,0.6284370422363281,39.981483459472656,44.78492278764497,42.40986328413237
174,63107,43.886470794677734,21.6584529876709,1.1077518463134766,43.2498779296875,45.073993375212154,42.698948214143314
175,63117,44.229488372802734,21.881380081176758,1.7255373001098633,50.604347229003906,45.41700372560515,43.04197302000032
176,63127,44.345558166503906,21.73455810546875,2.151597023010254,46.972843170166016,45.53306629153032,43.158050041477495
177,63137,44.459632873535156,21.594982147216797,2.971759796142578,32.36612319946289,45.647133770741576,43.27213197632874
178,63147,44.72947692871094,21.71517562866211,3.2060909271240234,45.154396057128906,45.91697059805337,43.54198325936851
179,63157,45.024940490722656,21.876312255859375,3.4297714233398438,54.24123001098633,46.21242698862531,43.83745399282
180,63167,45.160064697265625,21.776172637939453,3.728013038635254,39.981483459472656,46.34754396721665,43.9725854273146
181,63177,45.3886833190918,21.829999923706055,3.7067108154296875,45.42567825317383,46.57615541751608,44.20121122066752
182,63187,45.67082595825195,21.967748641967773,3.4723777770996094,43.607357025146484,46.85829082863696,44.483361087866946
183,63197,45.98624801635742,22.16172981262207,3.930391311645508,50.8752555847168,47.17370565865915,44.79879037405569
184,63207,46.41167068481445,22.541831970214844,4.857068061828613,60.052921295166016,47.59912109898891,45.22422027064
185,63217,46.74927520751953,22.780900955200195,5.613323211669922,50.8752555847168,47.93671839352272,45.561832021516345
186,63227,46.88139724731445,22.678312301635742,5.325733184814453,41.7944221496582,48.06883326157297,45.69396123305594
187,63237,46.92610549926758,22.426288604736328,4.5481767654418945,34.45121383666992,48.11353434173811,45.73867665679705
188,63247,47.24551010131836,22.62465476989746,4.452313423156738,50.8752555847168,48.43293182842887,46.05808837420785
189,63257,47.5777587890625,22.84693717956543,5.016840934753418,47.23861312866211,48.76517340077035,46.39034417735465
190,63267,47.86271667480469,22.991313934326172,5.261823654174805,43.607357025146484,49.050124114595285,46.67530923501409
191,63277,48.10393142700195,23.06312370300293,5.410943984985352,41.7944221496582,49.29133169483198,46.916531159171925
192,63287,48.319740295410156,23.091087341308594,5.25117301940918,38.16854476928711,49.50713344770894,47.132347143111375
193,63297,48.52888107299805,23.10417366027832,4.878371238708496,38.16854476928711,49.716267109722935,47.34149503627316
194,63307,48.687740325927734,23.03957176208496,5.315081596374512,38.16854476928711,49.87511924703609,47.50036140481938
195,63317,48.84270477294922,22.97229766845703,5.549413681030273,43.607357025146484,50.0300765783984,47.65533296750004
196,63327,49.150367736816406,23.152629852294922,5.325733184814453,47.23861312866211,50.33773248303776,47.96300299059505
197,63337,49.389976501464844,23.215084075927734,4.857068061828613,49.05693817138672,50.57733418841641,48.20261881451328
198,63347,49.6856575012207,23.36981773376465,5.112703323364258,47.602813720703125,50.8730081288605,48.49830687358091
199,63357,49.87599182128906,23.349088668823242,4.920977592468262,43.9716796875,51.06333533310013,48.688648309478
200,63367,50.135623931884766,23.43368148803711,4.143420219421387,58.23460006713867,51.32296032782445,48.948287535945084
201,63377,50.52296447753906,23.725265502929688,4.21798038482666,63.6949348449707,51.71029381404039,49.335635141037734
202,63387,50.86648941040039,23.938133239746094,3.941042900085449,50.8752555847168,52.053811687421394,49.67916713337939
203,63397,51.11744689941406,23.997373580932617,4.004951477050781,53.05220413208008,52.30476211691277,49.930131681915356
204,63407,51.52406692504883,24.30837059020996,3.972996711730957,60.41667938232422,52.71137508298326,50.3367587671144
205,63417,51.91976547241211,24.593069076538086,3.7173614501953125,58.23460006713867,53.107066627217314,50.732464317606905
206,63427,52.16358184814453,24.626510620117188,3.759967803955078,50.8752555847168,53.35087599977919,50.97628769650987
207,63437,52.565895080566406,24.918283462524414,3.8345279693603516,58.598419189453125,53.753182228989225,51.37860793214359
208,63447,52.89427185058594,25.085031509399414,3.951693534851074,56.688716888427734,54.08155205223361,51.70699164893826
209,63457,53.05624771118164,24.979591369628906,3.99429988861084,49.415687561035156,54.24352096601353,51.868974456349754
210,63467,53.38982009887695,25.15699005126953,4.1753740310668945,56.416282653808594,54.57708629389505,52.202553903858856
211,63477,53.66014862060547,25.225919723510742,3.930391311645508,45.42567825317383,54.847407812246814,52.47288942896412
212,63487,53.90469741821289,25.25189781188965,3.866482734680176,53.05220413208008,55.091949606436174,52.71744522998961
213,63497,54.22046661376953,25.393016815185547,3.82387638092041,54.87045669555664,55.407711798533434,53.03322142900563
214,63507,54.447227478027344,25.387126922607422,3.877133369445801,45.78455352783203,55.63446565929056,53.259989296764125
215,63517,54.68668746948242,25.401533126831055,3.8345279693603516,58.598419189453125,55.873918590723285,53.49945634824156
216,63527,55.03617477416992,25.59882354736328,4.228631973266602,65.87682342529297,56.22339889182714,53.848950656512706
217,63537,55.41651153564453,25.8426456451416,4.122117042541504,67.69508361816406,56.60372864967678,54.22929442161228
218,63547,55.826805114746094,26.127565383911133,3.7173614501953125,65.87682342529297,57.01401522511206,54.639595004380126
219,63557,56.148643493652344,26.253053665161133,2.5457000732421875,58.598419189453125,57.33584660031071,54.96144038699398
220,63567,56.47786331176758,26.375808715820312,1.288827896118164,60.41667938232422,57.665059414677025,55.29066720885813
221,63577,56.74208450317383,26.393754959106445,1.6722803115844727,57.04524230957031,57.92927371525773,55.55489529108993
222,63587,56.95844650268555,26.3371639251709,2.0983381271362305,51.23394775390625,58.1456288239039,55.771264181467195
223,63597,57.30908203125,26.495729446411133,1.619023323059082,56.688716888427734,58.49625746156281,56.12190660093719
224,63607,57.685977935791016,26.687917709350586,0.9266777038574219,64.05319213867188,58.873146475158286,56.498809396423745
225,63617,57.994102478027344,26.755760192871094,-0.06390857696533203,60.41667938232422,59.181264126409076,56.80694082964561
226,63627,58.21471405029297,26.68103790283203,0.07456016540527344,49.415687561035156,59.40186875116518,57.027559349420756
227,63637,58.36592483520508,26.478532791137695,-1.4699020385742188,54.87045669555664,59.55307258852711,57.17877708188305
228,63647,58.53449630737305,26.293184280395508,-2.9398045539855957,55.22711181640625,59.72163716958888,57.34735544515721
229,63657,58.75803756713867,26.194555282592773,-3.5362868309020996,57.04524230957031,59.94517153820831,57.57090359606904
230,63667,58.98711013793945,26.095460891723633,-4.644039630889893,58.598419189453125,60.17423721782289,57.799983058056014
231,63677,59.21438980102539,25.9881649017334,-5.3363847732543945,57.04524230957031,60.40150998968262,58.02726961236816
232,63687,59.4345817565918,25.852924346923828,-7.179088592529297,53.40897750854492,60.62169505398282,58.247468459200775
233,63697,59.64516830444336,25.704570770263672,-7.072573661804199,58.86875534057617,60.832274710528175,58.458061898358544
234,63707,59.923423767089844,25.665264129638672,-7.466677665710449,56.688716888427734,61.11052328182844,58.736324252351245
235,63717,60.21083450317383,25.64229393005371,-7.338860511779785,65.87682342529297,61.39792718301314,59.02374182333452
236,63727,60.51228332519531,25.637475967407227,-7.860782146453857,68.05624389648438,61.69936917009598,59.32519748029465
237,63737,60.84381866455078,25.66901397705078,-9.170912742614746,65.87682342529297,62.03089767447345,59.65673965462811
238,63747,61.1026611328125,25.57255744934082,-10.108241081237793,62.23493576049805,62.28973330771782,59.91558895790718
239,63757,61.395843505859375,25.524293899536133,-11.013616561889648,60.6868896484375,62.58290884570799,60.20877816601076
240,63767,61.7180061340332,25.518686294555664,-11.51423454284668,64.32315063476562,62.90506463878576,60.53094762928065
241,63777,61.933528900146484,25.33252716064453,-12.238534927368164,60.6868896484375,63.120580626252504,60.746477174040464
242,63787,62.162696838378906,25.168771743774414,-12.5474271774292,66.14666748046875,63.34974172931047,60.97565194744734
243,63797,62.380069732666016,24.98716163635254,-12.707199096679688,62.50502014160156,63.56710778838377,61.19303167694826
244,63807,62.5692138671875,24.764427185058594,-12.483518600463867,64.32315063476562,63.75624514414195,61.38218259023305
245,63817,62.76778793334961,24.557279586791992,-12.72850227355957,58.598419189453125,63.954812431502035,61.580763435197184
246,63827,63.02377700805664,24.447629928588867,-12.653942108154297,62.50502014160156,64.21079472736834,61.83675928874495
247,63837,63.20864486694336,24.230798721313477,-12.1107177734375,58.86875534057617,64.3956558073756,62.021633926511115
248,63847,63.34255599975586,23.933958053588867,-12.217231750488281,58.86875534057617,64.52956016126994,62.15555183824178
249,63857,63.59355163574219,23.823684692382812,-13.090652465820312,66.14666748046875,64.7805490182994,62.40655425318498
250,63867,63.8317985534668,23.68988037109375,-13.64452838897705,66.14666748046875,65.01878915702841,62.64480794990518
251,63877,63.923004150390625,23.32503318786621,-12.994789123535156,58.86875534057617,65.10998797491794,62.736020325863315
252,63887,64.06791687011719,23.057209014892578,-12.515472412109375,60.6868896484375,65.25489391557147,62.880939824662896
253,63897,64.3270492553711,22.98349380493164,-11.972248077392578,68.05624389648438,65.51401952171365,63.140078989028545
254,63907,64.53741455078125,22.829967498779297,-12.046808242797852,62.50502014160156,65.72437803797334,63.350451063589155
255,63917,64.65979766845703,22.53261375427246,-12.291791915893555,64.32315063476562,65.84675437645996,63.472840960454114
256,63927,64.77637481689453,22.232555389404297,-12.057459831237793,60.6868896484375,65.96332474566955,63.58942488811951
257,63937,64.87074279785156,21.900266647338867,-12.03615665435791,58.86875534057617,66.05768600385402,63.6837995918491
258,63947,65.05691528320312,21.722745895385742,-12.760456085205078,64.68452453613281,66.24385176639494,63.86997880001131
259,63957,65.19184875488281,21.472280502319336,-11.610097885131836,64.32315063476562,66.3787785717206,64.00491893804502
260,63967,65.36093139648438,21.288410186767578,-10.864495277404785,62.50502014160156,66.54785454693068,64.17400824603807
261,63977,65.64613342285156,21.29911994934082,-10.60886001586914,71.96731567382812,66.83304990686895,64.45921693883417
262,63987,65.77852630615234,21.06232261657715,-10.544951438903809,62.50502014160156,66.96543612370337,64.59161648860132
263,63997,65.80908203125,20.6671085357666,-10.225407600402832,59.22511672973633,66.99598518229722,64.62217888020278
264,64007,66.09244537353516,20.688840866088867,-10.363876342773438,69.87975311279297,67.27934180154486,64.90554894552545
265,64017,66.32611083984375,20.629745483398438,-10.299967765808105,71.69788360595703,67.51300060127444,65.13922107841306
266,64027,66.51087951660156,20.495332717895508,-9.969772338867188,62.50502014160156,67.6977626114158,65.32399642178733
267,64037,66.86929321289062,20.658058166503906,-8.638339042663574,70.14392852783203,68.05616964105096,65.6824167847303
268,64047,67.13810729980469,20.691612243652344,-6.753029823303223,71.69788360595703,68.32497706127367,65.9512375383357
269,64057,67.39874267578125,20.72633934020996,-5.293778896331787,69.87975311279297,68.58560577052143,66.21187958104107
270,64067,67.69039154052734,20.82847785949707,-3.4510750770568848,71.96731567382812,68.87724796850128,66.50353511255341
271,64077,68.01546478271484,20.995227813720703,-2.3007168769836426,68.32592010498047,69.20231460038359,66.8286149650461
272,64087,68.29092407226562,21.080947875976562,-2.0983386039733887,73.52140045166016,69.47776727959234,67.10408086493891
273,64097,68.57796478271484,21.190099716186523,-1.4805536270141602,71.69788360595703,69.76480137966273,67.39112818576696
274,64107,68.93851470947266,21.415966033935547,-1.6296749114990234,69.87975311279297,70.12534458300601,67.7516848359393
275,64117,69.24787139892578,21.557029724121094,-1.352736473083496,73.52140045166016,70.43469454900652,68.06104824884504
276,64127,69.71114349365234,21.939912796020508,-2.1196417808532715,78.99193572998047,70.89795997674246,68.52432701056223
277,64137,70.02205657958984,22.0753173828125,-1.3101301193237305,71.69788360595703,71.20886639565187,68.83524676352782
278,64147,70.40338897705078,22.321910858154297,-1.5444622039794922,73.52140045166016,71.59019212604728,69.21658582805428
279,64157,70.71831512451172,22.464513778686523,-0.6603908538818359,71.96731567382812,71.90511160640523,69.53151864261821
280,64167,71.19984436035156,22.874603271484375,-0.9053745269775391,82.73040008544922,72.38663417510463,70.0130545455985
281,64177,71.55390167236328,23.074941635131836,-0.3834524154663086,77.16841888427734,72.74068487644013,70.36711846828644
282,64187,71.87623596191406,23.2313289642334,0.7243003845214844,73.52140045166016,73.06301261177983,70.6894593120483
283,64197,72.30955505371094,23.573659896850586,1.4272966384887695,77.16841888427734,73.49632514932942,71.12278495809245
284,64207,72.73433685302734,23.899063110351562,1.7042341232299805,78.99193572998047,73.92110033785976,71.54757336819493
285,64217,73.09015655517578,24.109527587890625,2.034430503845215,75.34490966796875,74.2769134291853,71.90339968116626
286,64227,73.51931762695312,24.44440269470215,2.7374267578125,78.99193572998047,74.70606794660615,72.3325673073001
287,64237,74.01224517822266,24.889020919799805,3.8558311462402344,86.3774185180664,75.19898894348299,72.82550141296232
288,64247,74.3106918334961,25.01556968688965,4.516221046447754,80.81544494628906,75.49742904432753,73.12395462266466
289,64257,74.74188232421875,25.35859489440918,4.729250907897949,80.81544494628906,75.9286129805851,73.5551516678524
290,64267,75.04857635498047,25.488235473632812,4.1753740310668945,73.52140045166016,76.23530051335,73.86185219661094
291,64277,75.60285186767578,26.02591323852539,4.899674415588379,90.02982330322266,76.78956947150812,74.41613426384345
292,64287,75.95170593261719,26.220001220703125,4.878371238708496,71.96731567382812,77.13841698187615,74.76499488335823
293,64297,76.467529296875,26.679302215576172,4.505570411682129,88.20630645751953,77.65423379152436,75.28082480222564
294,64307,76.88877868652344,26.97689437866211,4.420357704162598,82.73040008544922,78.07547668303273,75.70208069001414
295,64317,77.24158477783203,27.1589298248291,4.452313423156738,77.52352905273438,78.42827627616566,76.0548932794984
296,64327,77.80599975585938,27.683778762817383,4.601433753967285,90.38944244384766,78.99268469947543,76.61931481224332
297,64337,78.25716400146484,28.011699676513672,4.4416608810424805,86.3774185180664,79.44384239032712,77.07048561260257
298,64347,78.61418914794922,28.177827835083008,3.6854076385498047,84.55390930175781,79.80086109503543,77.42751720086301
299,64357,79.0052261352539,28.392210006713867,3.3445606231689453,82.73040008544922,80.19189164052908,77.81856062997873
300,64367,79.42273712158203,28.64261817932129,3.1954402923583984,80.81544494628906,80.6093961850112,78.23607805815286
301,64377,79.80699920654297,28.840551376342773,3.781270980834961,90.02982330322266,80.99365182809117,78.62034658499476
302,64387,80.26665496826172,29.163843154907227,4.058208465576172,82.73040008544922,81.45330114789398,79.08000878862946
303,64397,80.6569595336914,29.364421844482422,3.632150650024414,84.82246398925781,81.84359927137275,79.47031979601006
304,64407,81.15181732177734,29.730161666870117,3.7493162155151367,91.85871887207031,82.3384506174728,79.96518402608189
305,64417,81.53404998779297,29.90971565246582,4.090163230895996,91.85871887207031,82.72067689797667,80.34742307760926
306,64427,82.04605865478516,30.300508499145508,3.866482734680176,91.85871887207031,83.23267906640392,80.8594382431664
307,64437,82.44705963134766,30.502443313598633,3.781270980834961,80.81544494628906,83.63367348785617,81.26044577483914
308,64447,82.8380126953125,30.686492919921875,4.367100715637207,86.3774185180664,84.02462005318459,81.65140533744041
309,64457,83.35481262207031,31.075403213500977,4.484267234802246,97.43144989013672,84.54141348127038,82.16821176287024
310,64467,83.79830932617188,31.332469940185547,3.759967803955078,95.51111602783203,84.98490374317498,82.61171490916877
311,64477,84.31107330322266,31.70012092590332,3.951693534851074,93.68760681152344,85.49766127799383,83.12448532845148
312,64487,84.65389251708984,31.78876304626465,4.38840389251709,84.55390930175781,85.8404740495941,83.46731098458558
313,64497,85.10741424560547,32.056541442871094,4.303193092346191,91.85871887207031,86.29398933580785,83.92083915540309
314,64507,85.5042495727539,32.22609329223633,4.143420219421387,88.20630645751953,86.69081822061943,84.31768092488838
315,64517,85.9913558959961,32.54047393798828,4.122117042541504,93.68760681152344,87.17791815800196,84.80479363399023
316,64527,86.525390625,32.92591094970703,4.207329750061035,97.43144989013672,87.71194650111184,85.33883474888816
317,64537,87.0089340209961,33.22213363647461,4.356450080871582,95.51111602783203,88.19548345466676,85.82238458732543
318,64547,87.50045013427734,33.53000259399414,4.377753257751465,97.43144989013672,88.68699318198493,86.31390708656976
319,64557,87.81932830810547,33.556758880615234,4.814462661743164,93.68760681152344,89.00586496981563,86.6327916463953
320,64567,88.27154541015625,33.8006477355957,5.229869842529297,101.08922576904297,89.4580756858346,87.0850151344779
321,64577,88.74783325195312,34.07712936401367,4.8251142501831055,101.08922576904297,89.93435719807931,87.56130930582694
322,64587,89.15199279785156,34.23495864868164,4.78250789642334,93.68760681152344,90.33851035787751,87.96547523782561
323,64597,89.45001983642578,34.223838806152344,5.847654342651367,88.20630645751953,90.63653101031711,88.26350866253445
324,64607,89.85055541992188,34.380615234375,5.943517684936523,91.85871887207031,91.03706026415915,88.6640505756846
325,64617,90.28256225585938,34.5698127746582,4.0369062423706055,95.51111602783203,91.4690607138936,89.09606379782515
326,64627,90.71925354003906,34.76427459716797,4.21798038482666,95.2486572265625,91.90574561183585,89.53276146824227
327,64637,91.0863037109375,34.84714126586914,4.899674415588379,99.26033782958984,92.27278945297833,89.89981796889667
328,64647,91.4871597290039,34.991153717041016,5.581367492675781,91.85871887207031,92.673639141255,90.30068031675282
329,64657,91.89220428466797,35.13910675048828,5.2831268310546875,93.68760681152344,93.07867742361198,90.70573114572396
330,64667,92.24964904785156,35.206871032714844,5.165961265563965,97.43144989013672,93.4361158569386,91.06318223876453
331,64677,92.63619995117188,35.313514709472656,4.644040107727051,93.68760681152344,93.82266043036816,91.44973947197559
332,64687,92.9713363647461,35.332332611083984,4.484267234802246,95.51111602783203,94.1577905705352,91.78488215895699
333,64697,93.35358428955078,35.429771423339844,4.686644554138184,93.41963958740234,94.5400321653819,92.16713641371966
334,64707,93.67974090576172,35.44113540649414,5.240521430969238,95.51111602783203,94.86618245160108,92.49329935992236
335,64717,93.99950408935547,35.44708251953125,5.69853401184082,93.41963958740234,95.18593936168753,92.8130688170234
336,64727,94.33232116699219,35.475807189941406,5.932867050170898,95.51111602783203,95.51875016578379,93.14589216820059
337,64737,94.7320785522461,35.60456848144531,5.2192182540893555,95.2486572265625,95.91850133398287,93.54565577050931
338,64747,95.11614990234375,35.695064544677734,4.122117042541504,97.07229614257812,96.30256641047401,93.92973339421349
339,64757,95.41561889648438,35.643611907958984,3.7493162155151367,93.41963958740234,96.60202913097494,94.22920866199381
340,64767,95.8268051147461,35.7755126953125,3.7706193923950195,102.91812133789062,97.0132090755638,94.6404011539284
341,64777,96.14520263671875,35.7609748840332,4.409707069396973,95.2486572265625,97.33160026731039,94.95880500612711
342,64787,96.3928451538086,35.633934020996094,4.675993919372559,95.2486572265625,97.57923651066072,95.20645379695647
343,64797,96.60990142822266,35.45953369140625,4.718600273132324,97.07229614257812,97.79628656782272,95.4235162886226
344,64807,96.95869445800781,35.49874496459961,4.462964057922363,98.90131378173828,98.14507338032321,95.77231553569241
345,64817,97.27434539794922,35.481048583984375,4.239283561706543,95.2486572265625,98.46071804642618,96.08797274947226
346,64827,97.46444702148438,35.2595100402832,4.271237373352051,89.76161193847656,98.6508133960897,96.27808064687905
347,64837,97.76348876953125,35.21475601196289,3.866482734680176,98.90131378173828,98.94984892675359,96.57712861230891
348,64847,98.15670013427734,35.321014404296875,3.578892707824707,102.91812133789062,99.343054017562,96.97034625099269
349,64857,98.45838165283203,35.28123474121094,4.026253700256348,101.08922576904297,99.64472931866823,97.27203398699584
350,64867,98.61155700683594,35.00080871582031,4.079511642456055,91.85871887207031,99.7978984551911,97.42521555848077
351,64877,98.75800323486328,34.714935302734375,4.0475568771362305,89.76161193847656,99.94433846570482,97.57166800402175
352,64887,98.9723892211914,34.54670333862305,4.399056434631348,87.84652709960938,100.15871823448673,97.78606020789609
353,64897,99.21923828125,34.44163513183594,5.070097923278809,89.76161193847656,100.40556113349011,98.03291542900989
354,64907,99.45995330810547,34.3331413269043,5.570716857910156,90.02982330322266,100.64626994273449,98.27363667347645
355,64917,99.68900299072266,34.20985794067383,5.837003707885742,93.41963958740234,100.875313407708,98.5026925737373
356,64927,99.91427612304688,34.079185485839844,5.538763046264648,98.90131378173828,101.10058037888044,98.72797186721331
357,64937,100.12742614746094,33.930946350097656,5.570716857910156,104.48519134521484,101.31372424211072,98.94112805281115
358,64947,100.47465515136719,34.001914978027344,5.432247161865234,106.314208984375,101.66094708480118,99.2883632179332
359,64957,100.8134536743164,34.06107711791992,5.805049896240234,99.26033782958984,101.99973944650262,99.6271679021302
360,64967,101.13799285888672,34.098670959472656,6.1245927810668945,98.90131378173828,102.32427246979314,99.9517132479803
361,64977,101.35871124267578,33.96861267089844,6.263062477111816,102.91812133789062,102.54498463574448,100.17243784960708
362,64987,101.66498565673828,33.978580474853516,6.177850723266602,99.26033782958984,102.85125294498914,100.47871836848742
363,64997,101.92900848388672,33.91869354248047,5.975472450256348,99.26033782958984,103.11526966728832,100.74274730048512
364,65007,102.21463012695312,33.89920425415039,6.241759300231934,108.14321899414062,103.40088514894722,101.02837510495903
365,65017,102.4761962890625,33.84613800048828,6.859543800354004,98.90131378173828,103.66244520614421,101.28994737198079
366,65027,102.70368194580078,33.74123764038086,7.1790876388549805,108.14321899414062,103.88992470141129,101.51743919019027
367,65037,103.04368591308594,33.81787109375,7.019316673278809,102.55934143066406,104.22992250719324,101.85744931897864
368,65047,103.27686309814453,33.71720504760742,6.7849836349487305,104.48519134521484,104.46309358724461,102.09063260904445
369,65057,103.55824279785156,33.69749069213867,6.795636177062988,100.7303237915039,104.744467181913,102.37201841379013
370,65067,103.89674377441406,33.775875091552734,7.189740180969238,106.314208984375,105.08296205340544,102.71052549542269
371,65077,104.1235580444336,33.67121505737305,7.338860511779785,98.90131378173828,105.30977021832348,102.93734587054371
372,65087,104.54056549072266,33.875572204589844,7.008664131164551,109.97760772705078,105.72677150295048,103.35435947849483
373,65097,104.72820281982422,33.70429229736328,7.029967308044434,98.90131378173828,105.91440278341688,103.54200285623156
374,65107,105.16510772705078,33.939605712890625,6.7743330001831055,111.80662536621094,106.35130164197741,103.97891381212415
375,65117,105.29238891601562,33.664608001708984,6.699772834777832,98.90131378173828,106.47857666918536,104.10620116284589
376,65127,105.65409851074219,33.776123046875,6.859543800354004,110.24443817138672,106.840280102123,104.46791691936137
377,65137,105.84236907958984,33.597023010253906,6.156547546386719,108.14321899414062,107.02854456568035,104.65619359349934
378,65147,106.14379119873047,33.600196838378906,5.6772308349609375,106.314208984375,107.32996057949923,104.95762181796171
379,65157,106.39547729492188,33.51677322387695,5.070097923278809,102.55934143066406,107.58164057033748,105.20931401950627
380,65167,106.69701385498047,33.51361846923828,4.814462661743164,113.64102172851562,107.88317102501149,105.51085668494945
381,65177,106.99079132080078,33.48994064331055,4.004951477050781,102.55934143066406,108.17694238541578,105.80464025618578
382,65187,107.13508605957031,33.21643829345703,3.3019542694091797,100.7303237915039,108.32123101873788,105.94894110040275
383,65197,107.3756103515625,33.10111999511719,3.0250167846679688,106.314208984375,108.56174926178356,106.18947144134144
384,65207,107.71981048583984,33.15897750854492,3.2913036346435547,111.53607177734375,108.90594334708355,106.53367762459614
385,65217,108.11890411376953,33.300785064697266,2.822638511657715,113.64102172851562,109.30503092600503,106.93277730153403
386,65227,108.42350769042969,33.28068923950195,2.258111000061035,111.80662536621094,109.60962845362613,107.23738692723325
387,65237,108.7220458984375,33.25174331665039,2.385928153991699,108.14321899414062,109.90816055603052,107.53593124084448
388,65247,108.98831939697266,33.16859436035156,2.2261571884155273,108.14321899414062,110.17442806199844,107.80221073194687
389,65257,109.29298400878906,33.144962310791016,1.8640069961547852,115.47542572021484,110.47908662468325,108.10688139289488
390,65267,109.4040756225586,32.79576873779297,0.7136478424072266,104.48519134521484,110.59017224582469,108.2179789992925
391,65277,109.64697265625,32.65636444091797,-0.33019542694091797,108.14321899414062,110.83306323032308,108.46088208217692
392,65287,109.82097625732422,32.401458740234375,-1.0225410461425781,106.314208984375,111.00706083870838,108.63489167594005
393,65297,110.08186340332031,32.286773681640625,-1.4805536270141602,115.1996078491211,111.26794199198527,108.89578481465536
394,65307,110.2177963256836,31.9588565826416,-2.609609603881836,102.55934143066406,111.40386892159907,109.03172372976812
395,65317,110.32752990722656,31.57954216003418,-4.090163230895996,104.48519134521484,111.51359651036228,109.14146330409085
396,65327,110.3919906616211,31.13112449645996,-4.239283561706543,106.314208984375,111.57805127194678,109.20593005129541
397,65337,110.5496597290039,30.83846664428711,-4.505569934844971,109.97760772705078,111.73571440302564,109.36360505498217
398,65347,110.8176498413086,30.724994659423828,-5.059446334838867,115.47542572021484,112.00369857899666,109.63160110362053
399,65357,110.99588775634766,30.470352172851562,-4.707948207855225,113.64102172851562,112.18193050113541,109.8098450115599
400,65367,111.26652526855469,30.367774963378906,-4.878371238708496,115.47542572021484,112.45256202041186,110.08048851669751
401,65377,111.483642578125,30.182647705078125,-4.612084865570068,113.64102172851562,112.66967339355881,110.29761176269119
402,65387,111.71732330322266,30.03148651123047,-4.143420219421387,109.97760772705078,112.90334823874117,110.53129836770414
403,65397,111.9029541015625,29.803468704223633,-4.249935150146484,106.314208984375,113.08897310059851,110.71693510252649
404,65407,112.02083587646484,29.474185943603516,-3.7706193923950195,104.48519134521484,113.20684893898863,110.83482281394106
405,65417,112.13184356689453,29.14322853088379,-3.3552117347717285,104.48519134521484,113.31785074941502,110.94583638437405
406,65427,112.1355209350586,28.644954681396484,-3.1421828269958496,104.48519134521484,113.32152218100771,110.94951968910948
407,65437,112.21427154541016,28.27903175354004,-2.8971986770629883,108.14321899414062,113.40026685475817,111.02827623606214
408,65447,112.24698638916016,27.844953536987305,-2.8758959770202637,104.48519134521484,113.43297576187737,111.06099701644294
409,65457,112.3192138671875,27.480588912963867,-3.0463194847106934,104.48519134521484,113.50519735978396,111.13323037459104
410,65467,112.44035339355469,27.205055236816406,-2.5670032501220703,108.14321899414062,113.62633100600124,111.25437578110814
411,65477,112.67424011230469,27.120990753173828,-2.311368465423584,113.64102172851562,113.86021178803185,111.48826843657753
412,65487,113.00251770019531,27.19192886352539,-2.3965797424316406,121.06468200683594,114.18848338263275,111.81655201775787
413,65497,113.1635513305664,26.992382049560547,-2.0024752616882324,106.314208984375,114.34951107622474,111.97759158490807
414,65507,113.1962890625,26.588882446289062,-1.7042350769042969,102.55934143066406,114.38224292789069,112.01033519710931
415,65517,113.34520721435547,26.38138771057129,-1.768143653869629,109.97760772705078,114.53115514290789,112.15925928580305
416,65527,113.46492004394531,26.127647399902344,-2.045081615447998,115.47542572021484,114.65086203562976,112.27897805226087
417,65537,113.59690856933594,25.897991180419922,-2.0876870155334473,109.97760772705078,114.7828446806647,112.41097245800718
418,65547,113.80536651611328,25.793432235717773,-2.0983386039733887,111.80662536621094,114.9912967470572,112.61943628516936
419,65557,114.08540344238281,25.812650680541992,-1.5444622039794922,119.23027801513672,115.27132779291274,112.89947909185288
420,65567,114.41546630859375,25.912851333618164,-1.927915096282959,122.8990707397461,115.60138472213765,113.22954789504985
421,65577,114.61368560791016,25.78730010986328,-2.609609603881836,113.64102172851562,115.79959814098147,113.42777307483884
422,65587,114.78185272216797,25.616304397583008,-2.375277042388916,109.61554718017578,115.96775937473753,113.59594606959841
423,65597,114.86951446533203,25.314001083374023,-3.067622184753418,108.14321899414062,116.05541523737068,113.68361369329338
424,65607,115.04840087890625,25.162227630615234,-2.9291534423828125,109.97760772705078,116.23429577038483,113.86250598742767
425,65617,115.25822448730469,25.060571670532227,-3.4191203117370605,117.30443572998047,116.4441135547383,114.07233541987108
426,65627,115.50019073486328,25.00213623046875,-4.484267711639404,118.86852264404297,116.68607392167878,114.31430754804778
427,65637,115.67517852783203,24.831388473510742,-4.9529314041137695,113.37052917480469,116.86105583400025,114.48930122166381
428,65647,115.8653335571289,24.685192108154297,-5.08074951171875,119.23027801513672,117.0512050391658,114.67946207509202
429,65657,116.04795837402344,24.52655029296875,-5.474853515625,117.30443572998047,117.2338240319004,114.86209271614648
430,65667,116.29756164550781,24.47369956970215,-5.943517684936523,117.03406524658203,117.48342147919624,115.11170181181939
431,65677,116.52493286132812,24.388086318969727,-5.7304887771606445,120.7029800415039,117.7107868707994,115.33907885185685
432,65687,116.68065643310547,24.181699752807617,-6.316319465637207,115.47542572021484,117.8665046748772,115.49480819133373
433,65697,116.8175277709961,23.94491958618164,-6.497394561767578,113.64102172851562,118.00337024504024,115.63168529695194
434,65707,116.94384002685547,23.689884185791016,-7.136482238769531,111.80662536621094,118.12967673314398,115.75800332056696
435,65717,117.16619873046875,23.58829689025879,-7.711661338806152,117.30443572998047,118.35202961242652,115.98036784851098
436,65727,117.30125427246094,23.351486206054688,-7.18973970413208,113.64102172851562,118.48707938660668,116.1154291583152
437,65737,117.50498962402344,23.230201721191406,-7.2323455810546875,117.30443572998047,118.6908089703291,116.31917027771777
438,65747,117.74034118652344,23.16691780090332,-6.710423469543457,124.73346710205078,118.92615476496097,116.5545276080859
439,65757,117.82878112792969,22.872406005859375,-6.113941669464111,113.64102172851562,119.01458893847102,116.64297331738835
440,65767,117.93199157714844,22.60511016845703,-6.209805011749268,115.47542572021484,119.11779367631394,116.74618947798294
441,65777,118.15235900878906,22.5372257232666,-5.773094654083252,119.23027801513672,119.33815534000254,116.96656267757558
442,65787,118.32502746582031,22.394798278808594,-5.602671146392822,119.23027801513672,119.51081802905371,117.13923690258692
443,65797,118.51409149169922,22.286956787109375,-4.920977592468262,117.30443572998047,119.6998763434737,117.32830663992473
444,65807,118.77165222167969,22.29582405090332,-4.644039630889893,126.5732421875,119.95743130541825,117.58587313794112
445,65817,118.97891998291016,22.223106384277344,-4.686645030975342,120.7029800415039,120.16469329858474,117.79314666723558
446,65827,119.08296203613281,21.99126625061035,-3.791921615600586,115.1996078491211,120.2687296402654,117.89719443200022
447,65837,119.28119659423828,21.914583206176758,-4.058208465576172,121.06468200683594,120.46695843025105,118.09543475822551
448,65847,119.45182800292969,21.8028564453125,-3.184788227081299,119.23027801513672,120.63758407079457,118.2660719350648
449,65857,119.65604400634766,21.75533103942871,-2.34332275390625,121.06468200683594,120.8417943060366,118.47029370665871
450,65867,119.84847259521484,21.689842224121094,-2.311368465423584,122.53743743896484,121.03421718325095,118.66272800717874
451,65877,119.91869354248047,21.430973052978516,-1.981173038482666,117.30443572998047,121.10443236228478,118.73295472267615
452,65887,120.06432342529297,21.309436798095703,-0.7029962539672852,117.30443572998047,121.25005647683744,118.8785903737485
453,65897,120.2963638305664,21.33586883544922,-0.25563526153564453,126.30318450927734,121.48209117037494,119.11063649075787
454,65907,120.52781677246094,21.36627960205078,0.14912033081054688,124.37189483642578,121.71353834395379,119.34209520096809
455,65917,120.76985931396484,21.422245025634766,1.1823129653930664,122.53743743896484,121.95557511711392,119.58414351081576
456,65927,120.9713363647461,21.414180755615234,1.4485998153686523,122.8990707397461,122.15704645607616,119.78562627341603
457,65937,121.2494125366211,21.534948348999023,1.8640069961547852,124.73346710205078,122.43511691610463,120.06370815713755
458,65947,121.45623016357422,21.537290573120117,1.7042341232299805,124.73346710205078,122.64192877463036,120.27053155251808
459,65957,121.67696380615234,21.56477165222168,1.7042341232299805,124.73346710205078,122.86265676186026,120.49127085044442
460,65967,122.02799987792969,21.806833267211914,2.492443084716797,128.13763427734375,123.21368712170852,120.84231263415086
461,65977,122.37584686279297,22.039642333984375,2.140944480895996,126.5732421875,123.56152839461521,121.19016533097073
462,65987,122.63268280029297,22.128009796142578,3.0782737731933594,124.73346710205078,123.81835856357665,121.44700703700929
463,65997,122.89697265625,22.226421356201172,3.1954402923583984,129.9720916748047,124.08264276407648,121.71130254842352
464,66007,123.17716979980469,22.347368240356445,2.769381523132324,130.2420196533203,124.362834252147,121.99150534746238
465,66017,123.4366683959961,22.433528900146484,3.0889244079589844,130.2420196533203,124.622327136272,122.25100965572018
466,66027,123.70442962646484,22.529211044311523,2.6202611923217773,130.2420196533203,124.89008271120237,122.51877654172732
467,66037,123.98314666748047,22.64270782470703,2.5457000732421875,128.13763427734375,125.16879409665262,122.79749923830832
468,66047,124.1971664428711,22.643741607666016,2.322019577026367,124.73346710205078,125.3828082164509,123.01152466929129
469,66057,124.42012023925781,22.65018081665039,1.384690284729004,129.9720916748047,125.60575635721828,123.23448412129734
470,66067,124.63982391357422,22.64535140991211,0.7349510192871094,126.5732421875,125.82545437588838,123.45419345126005
471,66077,124.77498626708984,22.497392654418945,0.12781810760498047,124.73346710205078,125.96061107373073,123.58936146044896
472,66087,124.94158935546875,22.39869499206543,-0.28758907318115234,124.73346710205078,126.1272085629665,123.755970147971
473,66097,125.10099029541016,22.28409194946289,-0.8840713500976562,126.5732421875,126.28660390373834,123.91537668708197
474,66107,125.29521942138672,22.224319458007812,-1.2142667770385742,126.5732421875,126.48082737396122,124.10961146881222
475,66117,125.46207427978516,22.107210159301758,-2.588306427001953,128.4076385498047,126.64767663313694,124.27647192643337
476,66127,125.5478515625,21.848066329956055,-3.8558311462402344,121.06468200683594,126.73344831660262,124.36225480839738
477,66137,125.52765655517578,21.414819717407227,-4.367101192474365,119.23027801513672,126.71324771000279,124.34206540034877
478,66147,125.6241683959961,21.17694664001465,-4.431009769439697,122.8990707397461,126.80975395152105,124.43858284047114
479,66157,125.71436309814453,20.926292419433594,-5.027492046356201,122.8990707397461,126.89994305434098,124.52878314194808
480,66167,125.74329376220703,20.571369171142578,-5.964820861816406,121.06468200683594,126.92886806248927,124.55771946192479
481,66177,125.78358459472656,20.232128143310547,-6.880846977233887,122.8990707397461,126.96915335218668,124.59801583726644
482,66187,125.81544494628906,19.885549545288086,-6.603909492492676,122.53743743896484,127.00100816090116,124.62988173167696
483,66197,125.8682632446289,19.577661514282227,-6.912801742553711,121.06468200683594,127.05382085980699,124.68270562945082
484,66207,125.91832733154297,19.271268844604492,-6.635863304138184,120.7029800415039,127.10387940382093,124.73277525926501
485,66217,125.96475219726562,18.960969924926758,-7.200390815734863,122.8990707397461,127.15029867005696,124.7792057244743
486,66227,125.96957397460938,18.59250259399414,-6.486742973327637,122.8990707397461,127.15511490444848,124.78403304477027
487,66237,125.98731231689453,18.2451114654541,-6.9341044425964355,121.06468200683594,127.17284764719437,124.80177698659469
488,66247,126.02356719970703,17.931251525878906,-7.456026554107666,124.73346710205078,127.20909693044116,124.8380374689729
489,66257,126.0125732421875,17.54552459716797,-7.338860511779785,121.06468200683594,127.19809737332946,124.82704911104554
490,66267,126.16154479980469,17.42039680480957,-8.073811531066895,128.4076385498047,127.34706333132804,124.97602626828133
491,66277,126.2252426147461,17.16079330444336,-7.711661338806152,122.8990707397461,127.41075554662439,125.0397296828678
492,66287,126.22377014160156,16.791889190673828,-8.404006958007812,122.8990707397461,127.40927753037082,125.03826275283231
493,66297,126.29517364501953,16.550716400146484,-8.265538215637207,126.30318450927734,127.48067543409108,125.10967185594798
494,66307,126.3255615234375,16.241310119628906,-8.712899208068848,122.53743743896484,127.51105771278492,125.14006533409008
495,66317,126.35204315185547,15.930596351623535,-8.723550796508789,122.8990707397461,127.53753379801556,125.16655250569538
496,66327,126.37745666503906,15.613652229309082,-9.69283390045166,122.8990707397461,127.5629417679859,125.19197156209222
497,66337,126.4792251586914,15.425840377807617,-9.63957691192627,126.5732421875,127.6647047183991,125.29374559898372
498,66347,126.51618194580078,15.1276216506958,-10.374527931213379,124.73346710205078,127.70165601880744,125.33070787279412
499,66357,126.54903411865234,14.823029518127441,-10.821889877319336,122.8990707397461,127.73450259180393,125.36356564550076
500,66367,126.57405853271484,14.511711120605469,-10.72602653503418,124.37189483642578,127.7595215191141,125.38859554631559
501,66377,126.66169738769531,14.302212715148926,-11.34381103515625,128.4076385498047,127.84715488731685,125.47623988807378
502,66387,126.68187713623047,13.982157707214355,-11.674007415771484,124.73346710205078,127.86732909248376,125.49642517997718
503,66397,126.64246368408203,13.569860458374023,-11.737915992736816,121.06468200683594,127.82791021007192,125.45701715809214
504,66407,126.6561508178711,13.246319770812988,-12.15332317352295,124.37189483642578,127.84159185700706,125.47070977873513
505,66417,126.6300277709961,12.862570762634277,-12.259838104248047,122.8990707397461,127.81546326668685,125.44459227530534
506,66427,126.63726043701172,12.538037300109863,-12.408958435058594,124.73346710205078,127.8226904457975,125.45183042822593
507,66437,126.62541198730469,12.188409805297852,-12.291791915893555,122.8990707397461,127.81083650916011,125.43998746544926
508,66447,126.5918960571289,11.806909561157227,-12.536775588989258,123.17039489746094,127.77731514859524,125.40647696566258
509,66457,126.57723999023438,11.46119499206543,-12.611335754394531,122.8990707397461,127.76265365128675,125.391826329182
510,66467,126.55585479736328,11.106912612915039,-12.866971015930176,124.73346710205078,127.74126297140963,125.37044662331694
511,66477,126.51598358154297,10.724668502807617,-13.282378196716309,122.8990707397461,127.70138632512534,125.3305808379606
512,66487,126.47270202636719,10.3377046585083,-13.868208885192871,122.8990707397461,127.6580993394607,125.28730471327367
513,66497,126.44471740722656,9.97767162322998,-14.336874008178711,122.8990707397461,127.63010923323837,125.25932558121475
514,66507,126.41703033447266,9.629669189453125,-13.665831565856934,124.73346710205078,127.6024167299456,125.23164393899971
515,66517,126.38970947265625,9.282236099243164,-14.20905590057373,123.17039489746094,127.57509043756545,125.20432850774705
516,66527,126.39322662353516,8.989274024963379,-14.400782585144043,124.73346710205078,127.57860215785574,125.20785108921457
517,66537,126.34095001220703,8.620783805847168,-13.229121208190918,122.8990707397461,127.5263201159141,125.15557990849996
518,66547,126.2662353515625,8.216468811035156,-13.825603485107422,122.8990707397461,127.45160002463119,125.08087067849381
519,66557,126.24671936035156,7.900732040405273,-14.4966459274292,124.73346710205078,127.43207865932654,125.06136006137659
520,66567,126.24437713623047,7.627895355224609,-13.623225212097168,125.0046615600586,127.42973106108735,125.05902321137359
521,66577,126.2032241821289,7.292349338531494,-13.974723815917969,123.17039489746094,127.38857273284333,125.01787563141448
522,66587,126.15727233886719,6.9607253074646,-13.399544715881348,122.8990707397461,127.34261545884449,124.97192921888988
523,66597,126.12913513183594,6.660218238830566,-13.665831565856934,124.73346710205078,127.31447282105123,124.94379744262065
524,66607,126.05892944335938,6.300850868225098,-13.250423431396484,122.8990707397461,127.2442617583586,124.87359712836015
525,66617,125.96794891357422,5.91487979888916,-13.06934928894043,122.8990707397461,127.15327574119085,124.78262208595758
526,66627,125.93579864501953,5.627464294433594,-13.399544715881348,122.8990707397461,127.12112009837085,124.75047719166821
527,66637,125.86563873291016,5.2870378494262695,-13.058697700500488,122.8990707397461,127.0509547554002,124.68032271042011
528,66647,125.83363342285156,5.0170745849609375,-12.696547508239746,126.5732421875,127.01894401445544,124.64832283124768
529,66657,125.80000305175781,4.744959354400635,-13.037394523620605,124.73346710205078,126.98530826902277,124.61469783449286
530,66667,125.76863098144531,4.48406982421875,-12.877622604370117,125.0046615600586,126.9539307677746,124.58333119511603
531,66677,125.77197265625,4.284942626953125,-12.621987342834473,126.5732421875,126.95726701161874,124.58667830088126
532,66687,125.75376892089844,4.055368423461914,-12.50482177734375,124.73346710205078,126.93905784528174,124.56847999651514
533,66697,125.73770904541016,3.829568862915039,-12.84566879272461,124.73346710205078,126.92299253878313,124.55242555203718
534,66707,125.7189712524414,3.6081900596618652,-12.408958435058594,124.73346710205078,126.90424937135258,124.53369313353024
535,66717,125.67632293701172,3.352626323699951,-12.259838104248047,124.73346710205078,126.86159562486306,124.49105024916038
536,66727,125.65312957763672,3.136535882949829,-11.908339500427246,122.8990707397461,126.83839689097726,124.46786226429617
537,66737,125.6166000366211,2.9001123905181885,-12.142671585083008,125.0046615600586,126.80186197542648,124.43133809781571
538,66747,125.59662628173828,2.693747043609619,-12.121368408203125,124.73346710205078,126.78188284598413,124.41136971749243
539,66757,125.6155014038086,2.5547759532928467,-12.057459831237793,126.5732421875,126.80075259347055,124.43025021414664
540,66767,125.56793212890625,2.3143277168273926,-11.535537719726562,124.73346710205078,126.75317794395993,124.38268631385257
541,66777,125.56341552734375,2.148850202560425,-11.535537719726562,124.73346710205078,126.74865602433998,124.37817503034752
542,66787,125.57705688476562,2.016110420227051,-11.460977554321289,125.0046615600586,126.76229200710509,124.39182176242616
543,66797,125.63008880615234,1.950071096420288,-11.407720565795898,126.93038177490234,126.8153186103864,124.44485900191829
544,66807,125.66407012939453,1.853586196899414,-11.429023742675781,126.93038177490234,126.8492946154993,124.47884564328976
545,66817,125.67552185058594,1.7281415462493896,-10.811238288879395,125.0046615600586,126.86074101853757,124.49030268263431
546,66827,125.70206451416016,1.6304125785827637,-10.715374946594238,126.93038177490234,126.88727836393477,124.51685066438554
547,66837,125.70734405517578,1.5020188093185425,-10.491694450378418,126.5732421875,126.89255258674953,124.52213552360203
548,66847,125.77088165283203,1.473841905593872,-10.097590446472168,126.5732421875,126.95608486618104,124.58567843948302
549,66857,125.80592346191406,1.4093350172042847,-9.192214965820312,126.5732421875,126.99112130043724,124.62072562339088
550,66867,125.84488677978516,1.3542391061782837,-8.94723129272461,126.5732421875,127.03007935661311,124.6596942029572
551,66877,125.92509460449219,1.3715753555297852,-8.574430465698242,130.6042938232422,127.11028186302381,124.73990734596056
552,66887,125.98051452636719,1.3550935983657837,-7.807524681091309,126.5732421875,127.16569646657862,124.79533258615575
553,66897,126.03396606445312,1.3307867050170898,-8.404006958007812,126.5732421875,127.21914274289877,124.84878938600748
554,66907,126.12467956542969,1.3834364414215088,-6.763680934906006,130.2420196533203,127.30985098208616,124.93950814877321
555,66917,126.25304412841797,1.492321491241455,-7.104528427124023,130.2420196533203,127.43821028326192,125.06787797357401
556,66927,126.3459243774414,1.5495259761810303,-6.465439796447754,128.7646484375,127.53108521387047,125.16076354101234
557,66937,126.39252471923828,1.5420928001403809,-5.2192182540893555,128.7646484375,127.57768029380784,125.20736914466872
558,66947,126.53838348388672,1.6969484090805054,-5.144658088684082,130.6042938232422,127.72353379657342,125.35323317120002
559,66957,126.61849212646484,1.7462085485458374,-4.771856784820557,126.5732421875,127.80363717724532,125.43334707568437
560,66967,126.75908660888672,1.898376226425171,-4.249935150146484,130.6042938232422,127.94422639773761,125.57394682003583
561,66977,126.90054321289062,2.056811571121216,-3.5362868309020996,130.6042938232422,128.08567773978857,125.71540868599267
562,66987,127.03043365478516,2.1998403072357178,-2.950456142425537,132.08180236816406,128.21556297628732,125.845304333283
563,66997,127.20243072509766,2.41041898727417,-2.801335334777832,132.08180236816406,128.38755478460038,126.01730666559492
564,67007,127.2898178100586,2.4824328422546387,-2.556351661682129,130.6042938232422,128.47493666411955,126.10469895599763
565,67017,127.39945220947266,2.593550682067871,-2.1515965461730957,130.6042938232422,128.584565858069,126.21433856087633
566,67027,127.5262222290039,2.7331387996673584,-1.927915096282959,132.43856811523438,128.7113306155312,126.34111384247659
567,67037,127.64363861083984,2.8559420108795166,-1.8959612846374512,130.6042938232422,128.82874173527478,126.4585354864049
568,67047,127.7818603515625,3.0134177207946777,-1.6296749114990234,132.43856811523438,128.96695827046372,126.59676243266128
569,67057,127.94066619873047,3.205263137817383,-1.2781753540039062,132.43856811523438,129.1257589120751,126.75557348538584
570,67067,128.15599060058594,3.489928722381592,-0.8521175384521484,134.27821350097656,129.3410780517686,126.97090314940328
571,67077,128.32415771484375,3.6963725090026855,-0.5006189346313477,132.43856811523438,129.50923990384106,127.13907552584642
572,67087,128.44972229003906,3.83013653755188,-0.5858306884765625,130.2420196533203,129.63479921682767,127.26464536325044
573,67097,128.65199279785156,4.087658405303955,-0.5858306884765625,134.27821350097656,129.83706451899138,127.46692107671174
574,67107,128.83448791503906,4.312303066253662,-0.11716556549072266,132.43856811523438,130.0195543739237,127.64942145615443
575,67117,129.03294372558594,4.5596022605896,0.03195476531982422,134.27821350097656,130.21800497877578,127.84788247239608
576,67127,129.24607849121094,4.823982238769531,-0.31954479217529297,136.11785888671875,130.43113453868315,128.06102244373872
577,67137,129.39231872558594,4.978321552276611,-0.25563526153564453,132.08180236816406,130.57736956731762,128.20726788385426
578,67147,129.55882263183594,5.166906833648682,0.25563526153564453,134.27821350097656,130.74386826780423,128.37377699586764
579,67157,129.68258666992188,5.279579162597656,0.010651588439941406,132.43856811523438,130.8676271001039,128.49754623973985
580,67167,129.82308959960938,5.416450500488281,-0.2130289077758789,134.27821350097656,131.00812482398229,128.63805437523646
581,67177,130.05938720703125,5.708672523498535,-0.03195476531982422,137.95213317871094,131.24441722557216,128.87435718849034
582,67187,130.2283477783203,5.883889675140381,-0.09586238861083984,134.01303100585938,131.41337259100638,129.04332296563425
583,67197,130.31703186035156,5.922770023345947,-0.5645284652709961,132.43856811523438,131.5020514671599,129.13201225354322
584,67207,130.44346618652344,6.025452613830566,-0.5006189346313477,134.27821350097656,131.62848064401717,129.2584517290297
585,67217,130.5472412109375,6.092208385467529,-0.08521175384521484,132.43856811523438,131.732250462508,129.362231959367
586,67227,130.70811462402344,6.249205589294434,0.021303176879882812,134.27821350097656,131.89311872623435,129.52311052181253
587,67237,130.84474182128906,6.359372138977051,-0.5112705230712891,132.43856811523438,132.02974071753124,129.65974292504688
588,67247,130.9418182373047,6.401500225067139,-0.9479808807373047,134.27821350097656,132.12681198414228,129.7568244904671
589,67257,131.09202575683594,6.526418685913086,-1.2781753540039062,134.27821350097656,132.27701441083377,129.9070371028381
590,67267,131.23863220214844,6.6355671882629395,-2.0876870155334473,136.11785888671875,132.42361576328463,130.05364864101224
591,67277,131.32177734375,6.62932825088501,-3.120879650115967,134.27821350097656,132.50675575541496,130.13679893208504
592,67287,131.3854217529297,6.582058906555176,-4.068860054016113,132.43856811523438,132.570395071689,130.20044843417037
593,67297,131.44752502441406,6.527524471282959,-4.494918346405029,132.43856811523438,132.63249325024583,130.2625567985823
594,67307,131.52667236328125,6.495739459991455,-4.963582992553711,132.43856811523438,132.71163549616358,130.34170923039892
595,67317,131.58050537109375,6.418300628662109,-5.64527702331543,130.6042938232422,132.76546341100476,130.39554733118274
596,67327,131.5945587158203,6.268989562988281,-6.433485984802246,130.6042938232422,132.77951166273812,130.4096057689025
597,67337,131.64395141601562,6.1749701499938965,-6.987361907958984,130.6042938232422,132.82889921332915,130.4590036187021
598,67347,131.6536865234375,6.016438961029053,-7.072573661804199,130.6042938232422,132.8386292277138,130.4687438191612
599,67357,131.68199157714844,5.879539489746094,-8.201628684997559,130.6042938232422,132.8669291883656,130.4970539659313
600,67367,131.6836700439453,5.698058605194092,-8.574430465698242,130.6042938232422,132.86860256208146,130.49873752580916
601,67377,131.64340209960938,5.448023796081543,-8.872671127319336,128.7646484375,132.8283295246426,130.45847467457614
602,67387,131.60577392578125,5.201444625854492,-9.383941650390625,128.7646484375,132.7906962576897,130.4208515938728
603,67397,131.563232421875,4.946021556854248,-9.86325740814209,130.6042938232422,132.7481497172274,130.3783151265226
604,67407,131.4989471435547,4.655475616455078,-10.257362365722656,128.7646484375,132.6838594023296,130.31403488477977
605,67417,131.4582061767578,4.404576778411865,-10.576906204223633,128.7646484375,132.64311339893388,130.27329895458175
606,67427,131.4125518798828,4.148449897766113,-10.694071769714355,128.7646484375,132.5974540654386,130.22764969432703
607,67437,131.3687744140625,3.897524118423462,-10.89645004272461,130.6042938232422,132.5536714497934,130.1838773783316
608,67447,131.32484436035156,3.648914098739624,-11.034918785095215,128.7646484375,132.50973630282704,130.1399524178761
609,67457,131.25559997558594,3.3626182079315186,-11.088176727294922,128.7646484375,132.44048682478407,130.0707131263878
610,67467,131.185791015625,3.0786261558532715,-11.226645469665527,128.7646484375,132.37067277152394,130.00090925972606
611,67477,131.06541442871094,2.718041181564331,-11.130782127380371,129.0355682373047,132.25029109128877,129.8805377661331
612,67487,130.93966674804688,2.354853630065918,-11.098827362060547,126.93038177490234,132.12453831728172,129.75479517881203
613,67497,130.8740234375,2.095461130142212,-11.056221961975098,128.7646484375,132.05888991336994,129.68915696163006
614,67507,130.8480987548828,1.905742883682251,-10.94970703125,130.6042938232422,132.03296019395927,129.66323731580636
615,67517,130.7810516357422,1.6524384021759033,-10.939055442810059,128.7646484375,131.96590803800376,129.5961952334806
616,67527,130.73422241210938,1.437774658203125,-10.757981300354004,128.7646484375,131.91907377753463,129.54937104668412
617,67537,130.66343688964844,1.1879316568374634,-10.72602653503418,126.93038177490234,131.84828316162196,129.4785906176749
618,67547,130.61587524414062,0.9805322289466858,-10.672769546508789,128.7646484375,131.80071647923478,129.43103400904647
619,67557,130.5482635498047,0.7445937991142273,-10.60886001586914,126.93038177490234,131.73309974799804,129.36342735161134
620,67567,130.47576904296875,0.5049206018447876,-10.55560302734375,128.7646484375,131.66060020423993,129.29093788169757
621,67577,130.45108032226562,0.34708163142204285,-10.534299850463867,129.0355682373047,131.6359064465932,129.26625419793805
622,67587,130.3893280029297,0.13142266869544983,-10.55560302734375,127.196044921875,131.57414914688746,129.2045068589719
623,67597,130.3226776123047,-0.0876842513680458,-10.427785873413086,129.0355682373047,131.50749371927625,129.13786150533312
624,67607,130.27366638183594,-0.27398163080215454,-10.353225708007812,128.7646484375,131.45847750839562,129.08885525527626
625,67617,130.22535705566406,-0.4560118019580841,-10.342574119567871,126.93038177490234,131.4101632017909,129.04055090953722
626,67627,130.17979431152344,-0.6290915608406067,-10.225407600402832,128.7646484375,131.36459547719653,128.99499314585034
627,67637,130.1702423095703,-0.7414077520370483,-10.268013000488281,130.6042938232422,131.35503843817227,128.98544618096835
628,67647,130.06304931640625,-1.0098202228546143,-10.182802200317383,126.93038177490234,131.24784040791565,128.87825822489685
629,67657,130.01629638671875,-1.175907015800476,-10.193452835083008,129.0355682373047,131.2010824411142,128.8315103323233
630,67667,129.94607543945312,-1.3772025108337402,-10.182802200317383,128.7646484375,131.13085651331033,128.76129436559592
631,67677,129.87612915039062,-1.5743454694747925,-10.118892669677734,128.7646484375,131.0609052436887,128.69135305709256
632,67687,129.8299102783203,-1.7288758754730225,-10.044332504272461,129.0355682373047,131.0146814476359,128.64513910900473
633,67697,129.77706909179688,-1.891929268836975,-10.076287269592285,130.6042938232422,130.96183528051165,128.5923029030821
634,67707,129.7347869873047,-2.0348994731903076,-10.03368091583252,129.0355682373047,130.9195481953977,128.55002577921167
635,67717,129.66908264160156,-2.212775945663452,-9.959120750427246,128.7646484375,130.85383881245357,128.48432647074955
636,67727,129.62721252441406,-2.3496592044830322,-10.03368091583252,129.0355682373047,130.81196371460223,128.4424613342259
637,67737,129.5413360595703,-2.5570621490478516,-10.150847434997559,127.196044921875,130.7260822690737,128.35658985006694
638,67747,129.51976013183594,-2.658158302307129,-10.289316177368164,130.8697052001953,130.70450141723262,128.33501884643925
639,67757,129.49400329589844,-2.763854503631592,-10.246710777282715,130.8697052001953,130.67873971376724,128.30926687802963
640,67767,129.43182373046875,-2.927616596221924,-10.310619354248047,129.0355682373047,130.6165552241902,128.2470922367473
641,67777,129.41111755371094,-3.0216596126556396,-10.321270942687988,129.0355682373047,130.59584412326453,128.22639098415735
642,67787,129.3657684326172,-3.1526060104370117,-10.150847434997559,129.0355682373047,130.55049002138247,128.1810468438519
643,67797,129.3177032470703,-3.286503314971924,-10.246710777282715,128.7646484375,130.5024199682268,128.13298652591382
644,67807,129.24935913085938,-3.4515225887298584,-10.268013000488281,128.7646484375,130.43407092778662,128.06464733393213
645,67817,129.20306396484375,-3.5779545307159424,-10.257362365722656,126.93038177490234,130.38777083752126,128.01835709216624
646,67827,129.17852783203125,-3.6660654544830322,-10.172150611877441,130.8697052001953,130.3632297804386,127.99382588362391
647,67837,129.11865234375,-3.8108975887298584,-10.236059188842773,127.196044921875,130.30334936786667,127.93395531963331
648,67847,129.0544891357422,-3.9608476161956787,-10.289316177368164,129.0355682373047,130.23918129214914,127.86979697933523
649,67857,128.9918212890625,-4.106196403503418,-10.289316177368164,127.196044921875,130.17650857773972,127.80713400038528
650,67867,128.94937133789062,-4.216245651245117,-10.310619354248047,129.0355682373047,130.1340536456144,127.76468903016685
651,67877,128.91111755371094,-4.3176164627075195,-10.321270942687988,129.0355682373047,130.09579488046032,127.72644022696156
652,67887,128.86920166015625,-4.4229326248168945,-10.257362365722656,129.0355682373047,130.05387406251265,127.68452925779987
653,67897,128.8275909423828,-4.527368545532227,-10.395831108093262,129.0355682373047,130.01225836372316,127.64292352104246
654,67907,128.80682373046875,-4.594096660614014,-10.172150611877441,129.0355682373047,129.99148628397774,127.62216117695976
655,67917,128.7059783935547,-4.7885637283325195,-10.044332504272461,126.93038177490234,129.89063602260927,127.52132076450012
656,67927,128.6671142578125,-4.875870704650879,-9.735440254211426,128.7646484375,129.85176701899547,127.48246149662953
657,67937,128.62860107421875,-4.959075450897217,-9.52241039276123,128.7646484375,129.81324891090662,127.44395323753089
658,67947,128.5895538330078,-5.040396213531494,-9.351987838745117,129.0355682373047,129.7741967451801,127.40491092083553
659,67957,128.57537841796875,-5.079056262969971,-9.29872989654541,129.0355682373047,129.76001640560497,127.39074043033253
660,67967,128.57704162597656,-5.090712070465088,-9.234821319580078,129.0355682373047,129.76167474566046,127.39240850629265
661,67977,128.499267578125,-5.233762741088867,-9.447850227355957,126.93038177490234,129.6838958298366,127.31463932641341
662,67987,128.48219299316406,-5.277060508728027,-9.607622146606445,129.0355682373047,129.66681632027866,127.29756966604947
663,67997,128.4652557373047,-5.318718910217285,-9.52241039276123,129.0355682373047,129.64987419640673,127.28063727820265
664,68007,128.38499450683594,-5.463655471801758,-9.607622146606445,126.93038177490234,129.56960809790542,127.20038091576646
665,68017,128.345947265625,-5.5401201248168945,-9.735440254211426,128.7646484375,129.5305559886419,127.16133854260809
666,68027,128.33079528808594,-5.577918529510498,-9.852605819702148,129.0355682373047,129.51539914303027,127.1461914331416
667,68037,128.27565002441406,-5.679962635040283,-9.86325740814209,127.196044921875,129.46024901126583,127.0910510375623
668,68047,128.22039794921875,-5.780573844909668,-9.852605819702148,129.0355682373047,129.40499201135185,127.03580388708565
669,68057,128.19033813476562,-5.840123653411865,-10.001727104187012,129.0355682373047,129.37492732876592,127.00574894076534
670,68067,128.11575317382812,-5.970719814300537,-9.948469161987305,129.0355682373047,129.30033755628213,126.93116879137412
671,68077,128.06277465820312,-6.066303253173828,-10.193452835083008,129.0355682373047,129.24735417248453,126.87819514392172
672,68087,127.9909439086914,-6.190982818603516,-10.193452835083008,127.196044921875,129.17551861138722,126.8063692059956
673,68097,127.9603271484375,-6.247750759124756,-10.299967765808105,129.0355682373047,129.14489703952816,126.77575725734684
674,68107,127.93013000488281,-6.303470611572266,-10.353225708007812,128.7646484375,129.1146950843488,126.74556492541683
675,68117,127.91992950439453,-6.3256354331970215,-10.33192253112793,130.8697052001953,129.10448971560857,126.73536929318048
676,68127,127.85303497314453,-6.440720558166504,-10.470391273498535,127.196044921875,129.03759037269458,126.6684795735945
677,68137,127.801025390625,-6.529130458831787,-10.395831108093262,128.7646484375,128.98557603509965,126.61647474615036
678,68147,127.7359619140625,-6.637604713439941,-10.438436508178711,127.196044921875,128.9205077468343,126.55141608129072
679,68157,127.71307373046875,-6.676142692565918,-10.459739685058594,129.0355682373047,128.89761475151812,126.52853270941938
680,68167,127.68663787841797,-6.720498561859131,-10.534299850463867,129.0355682373047,128.87117403111654,126.50210172571941
681,68177,127.62059020996094,-6.828129291534424,-10.50234603881836,129.0355682373047,128.80512149428867,126.43605892563319
682,68187,127.57603454589844,-6.899441242218018,-10.534299850463867,127.196044921875,128.76056101844466,126.3915080733522
683,68197,127.51171112060547,-7.00173807144165,-10.55560302734375,127.196044921875,128.69623278135066,126.32718945986029
684,68207,127.45132446289062,-7.097065448760986,-10.662117958068848,127.196044921875,128.63584136842496,126.26680755735629
685,68217,127.45259857177734,-7.089598655700684,-10.55560302734375,131.23098754882812,128.63711066547177,126.26808647808292
686,68227,127.390380859375,-7.185615062713623,-10.566254615783691,127.196044921875,128.57488819782017,126.20587352092983
687,68237,127.34600067138672,-7.250999927520752,-10.576906204223633,129.0355682373047,128.53050325456357,126.16149808820988
688,68247,127.32573699951172,-7.277046203613281,-10.683420181274414,129.0355682373047,128.51023482740115,126.1412391716223
689,68257,127.2853775024414,-7.334280967712402,-10.576906204223633,129.0355682373047,128.46987057502432,126.1008844298585
690,68267,127.26624298095703,-7.3563456535339355,-10.60886001586914,129.0355682373047,128.45073129821432,126.08175466369974
691,68277,127.20740509033203,-7.442082405090332,-10.5129976272583,127.196044921875,128.39188865224463,126.02292152841943
692,68287,127.18973541259766,-7.458752632141113,-10.459739685058594,129.0355682373047,128.37421416253488,126.00525666266043
693,68297,127.13236236572266,-7.53870964050293,-10.406482696533203,127.196044921875,128.31683641688858,125.94788831455672
694,68307,127.11615753173828,-7.550323009490967,-10.363876342773438,129.0355682373047,128.30062682750224,125.93168823597432
695,68317,127.10037231445312,-7.557652473449707,-9.969772338867188,129.0355682373047,128.28483679818376,125.9159078307225
696,68327,127.0555648803711,-7.611797332763672,-10.012378692626953,129.3968963623047,128.24002455204885,125.87110520869335
697,68337,127.04113006591797,-7.615108489990234,-9.959120750427246,129.0355682373047,128.22558492552326,125.85667520631266
698,68347,126.99085998535156,-7.6773271560668945,-10.03368091583252,127.196044921875,128.17531008947785,125.80640988122528
699,68357,126.918212890625,-7.774909496307373,-9.99107551574707,127.196044921875,128.10265818263997,125.73376759861002
700,68367,126.8664779663086,-7.8362250328063965,-9.937817573547363,127.196044921875,128.05091844619272,125.68203748642446
701,68377,126.8157958984375,-7.896793365478516,-10.1614990234375,127.196044921875,128.00023167939852,125.63136011747649
702,68387,126.78575897216797,-7.922501564025879,-10.150847434997559,129.0355682373047,127.97018999757336,125.60132794676258
703,68397,126.73968505859375,-7.975429058074951,-10.278664588928223,127.196044921875,127.92411132842443,125.55525878876307
704,68407,126.67119598388672,-8.063749313354492,-10.268013000488281,127.196044921875,127.85561749812358,125.48677446964986
705,68417,126.64505767822266,-8.080425262451172,-10.108241081237793,127.196044921875,127.82947449346116,125.46064086298415
706,68427,126.63919067382812,-8.065513610839844,-10.310619354248047,129.0355682373047,127.82360279004963,125.45477855760662
707,68437,126.57689666748047,-8.140739440917969,-10.129544258117676,127.196044921875,127.76130408466634,125.3924892502946
708,68447,126.51972961425781,-8.204940795898438,-9.948469161987305,127.196044921875,127.7041323323894,125.33532689612622
709,68457,126.49620056152344,-8.211365699768066,-9.756743431091309,129.0355682373047,127.68059852396665,125.31180259908022
710,68467,126.4742431640625,-8.214127540588379,-9.628925323486328,127.196044921875,127.65863637079825,125.28984995732675
711,68477,126.4354248046875,-8.243509292602539,-9.618273735046387,129.0355682373047,127.61981336892848,125.25103624044652
712,68487,126.41131591796875,-8.246617317199707,-9.405244827270508,127.196044921875,127.59569978308065,125.22693205285685
713,68497,126.39559936523438,-8.235831260681152,-9.373290061950684,127.55744171142578,127.57997853119855,125.2112201992702
714,68507,126.37960052490234,-8.22500991821289,-9.341336250305176,129.0355682373047,127.56397504831672,125.19522600148797
715,68517,126.3613052368164,-8.218469619750977,-9.373290061950684,127.55744171142578,127.54567506104598,125.17693541258683
716,68527,126.34656524658203,-8.207114219665527,-9.447850227355957,129.3968963623047,127.53093037160818,125.16220012155588
717,68537,126.32855987548828,-8.201496124267578,-9.501108169555664,129.0355682373047,127.51292030129235,125.14419944968421
718,68547,126.25435638427734,-8.287720680236816,-9.533061981201172,127.196044921875,127.43871216745815,125.07000060109654
719,68557,126.22185516357422,-8.307266235351562,-9.76739501953125,129.0355682373047,127.40620630411357,125.03750402303487
720,68567,126.19395446777344,-8.319957733154297,-9.873908996582031,127.55744171142578,127.37830096565314,125.00960796989374
721,68577,126.14730072021484,-8.362675666809082,-9.873908996582031,127.196044921875,127.3316425754167,124.962958865013
722,68587,126.13700866699219,-8.346385955810547,-9.948469161987305,129.0355682373047,127.32134582287962,124.95267151110475
723,68597,126.05182647705078,-8.45380687713623,-10.108241081237793,127.55744171142578,127.23615899022374,124.86749396387782
724,68607,125.97836303710938,-8.541084289550781,-10.193452835083008,127.196044921875,127.16269090754966,124.79403516666909
725,68617,125.9570083618164,-8.542105674743652,-10.182802200317383,127.55744171142578,127.14133153288678,124.77268519074603
726,68627,125.89524841308594,-8.608786582946777,-10.182802200317383,125.63192749023438,127.07956694138701,124.71092988478486
727,68637,125.89249420166016,-8.57780933380127,-10.108241081237793,127.55744171142578,127.07680814379322,124.7081802595271
728,68647,125.85298156738281,-8.606616973876953,-10.065635681152344,127.55744171142578,127.03729086671039,124.66867226805523
729,68657,125.81446075439453,-8.630988121032715,-9.831303596496582,127.55744171142578,126.99876546751834,124.63015604127072
730,68667,125.75259399414062,-8.693299293518066,-9.873908996582031,127.196044921875,126.93689406442277,124.56829392385848
731,68677,125.69309997558594,-8.747284889221191,-9.52241039276123,127.55744171142578,126.87739540300822,124.50880454816365
732,68687,125.63111114501953,-8.803444862365723,-9.42654800415039,125.36190032958984,126.81540198618433,124.44682030385474
733,68697,125.59394836425781,-8.81942367553711,-9.543713569641113,127.55744171142578,126.77823456252656,124.40966216598906
734,68707,125.56167602539062,-8.82594108581543,-9.41589641571045,127.55744171142578,126.74595758074514,124.37739447003611
735,68717,125.50315856933594,-8.875396728515625,-9.458501815795898,127.196044921875,126.68743553837925,124.31888160029263
736,68727,125.48706817626953,-8.856832504272461,-9.628925323486328,127.55744171142578,126.67134050236241,124.30279585017665
737,68737,125.45399475097656,-8.866113662719727,-9.63957691192627,127.196044921875,126.63826243410081,124.26972706785232
738,68747,125.42574310302734,-8.866495132446289,-9.533061981201172,127.55744171142578,126.61000619978665,124.24148000626803
739,68757,125.41414642333984,-8.839812278747559,-9.565016746520996,129.3968963623047,126.59840493371647,124.22988791296322
740,68767,125.38741302490234,-8.837987899780273,-9.543713569641113,127.55744171142578,126.5716669488785,124.20315910092619
741,68777,125.35487365722656,-8.84736442565918,-9.724788665771484,127.196044921875,126.53912293816195,124.17062437629117
742,68787,125.34280395507812,-8.824295997619629,-9.8100004196167,127.196044921875,126.52704859295453,124.15855931720172
743,68797,125.29517364501953,-8.859885215759277,-9.86325740814209,127.55744171142578,126.47941369644175,124.11093359359731
744,68807,125.24486541748047,-8.899109840393066,-9.895212173461914,127.196044921875,126.42910082580752,124.06063000915341
745,68817,125.18293762207031,-8.95789909362793,-10.054984092712402,127.55744171142578,126.367168387284,123.99870685685663
746,68827,125.12239074707031,-9.01318645477295,-9.948469161987305,125.63192749023438,126.30661692577608,123.93816456836454
747,68837,125.1199951171875,-8.972745895385742,-9.905863761901855,127.55744171142578,126.30421665274372,123.93577358163128
748,68847,125.0779800415039,-8.99797534942627,-10.03368091583252,127.55744171142578,126.26219693389235,123.89376314911546
749,68857,125.0604476928711,-8.98349666595459,-10.03368091583252,127.55744171142578,126.2446599986979,123.87623538704429
750,68867,125.00640106201172,-9.027776718139648,-9.937817573547363,125.63192749023438,126.19060872463457,123.82219339938887
751,68877,124.99088287353516,-9.006913185119629,-9.799348831176758,127.55744171142578,126.17508594956062,123.80667979750969
752,68887,124.94983673095703,-9.026605606079102,-9.63957691192627,125.36190032958984,126.13403522036734,123.76563824154672
753,68897,124.91278076171875,-9.03881549835205,-9.543713569641113,127.55744171142578,126.09697466449614,123.72858685894136
754,68907,124.86014556884766,-9.07454776763916,-9.405244827270508,127.55744171142578,126.04433494159979,123.67595619609553
755,68917,124.8283462524414,-9.075340270996094,-9.362638473510742,125.63192749023438,126.01253103852531,123.6441614663575
756,68927,124.7770767211914,-9.105677604675293,-9.117654800415039,125.63192749023438,125.96125697721517,123.59289646516764
757,68937,124.72715759277344,-9.131824493408203,-9.053746223449707,125.63192749023438,125.91133331871974,123.54298186682713
758,68947,124.67669677734375,-9.158995628356934,-9.138957977294922,127.55744171142578,125.86086791656896,123.49252563811854
759,68957,124.64708709716797,-9.152915954589844,-9.192214965820312,127.55744171142578,125.83125370628085,123.46292048805509
760,68967,124.62135314941406,-9.139875411987305,-9.138957977294922,125.63192749023438,125.80551522839727,123.43719107043086
761,68977,124.59374237060547,-9.129951477050781,-9.107003211975098,125.63192749023438,125.77789986281473,123.4095848783962
762,68987,124.54655456542969,-9.151704788208008,-9.096352577209473,125.63192749023438,125.7307075274744,123.36240160338498
763,68997,124.50068664550781,-9.170275688171387,-9.053746223449707,125.63192749023438,125.68483507737065,123.31653821364498
764,69007,124.4794921875,-9.14775276184082,-8.979186058044434,127.55744171142578,125.66363608916362,123.29534828583638
765,69017,124.41915893554688,-9.187371253967285,-8.787459373474121,125.63192749023438,125.60329830699395,123.2350195640998
766,69027,124.3641128540039,-9.219297409057617,-8.94723129272461,125.98907470703125,125.54824769521711,123.1799780127907
767,69037,124.32342529296875,-9.228480339050293,-9.064397811889648,127.55744171142578,125.50755560393075,123.13929498200675
768,69047,124.22721862792969,-9.326438903808594,-8.94723129272461,125.63192749023438,125.41134440862315,123.04309284723622
769,69057,124.16936492919922,-9.359241485595703,-8.808762550354004,125.63192749023438,125.3534862362355,122.98524362216294
770,69067,124.11405944824219,-9.388216018676758,-8.90462589263916,123.79784393310547,125.29817622497548,122.9299426715089
771,69077,124.05921936035156,-9.416133880615234,-8.925929069519043,125.63192749023438,125.24333166339365,122.87510705730948
772,69087,124.005859375,-9.441665649414062,-9.000489234924316,125.63192749023438,125.18996720433398,122.82175154566602
773,69097,123.93444061279297,-9.496458053588867,-9.032443046569824,125.63192749023438,125.11854391177239,122.75033731381355
774,69107,123.92438507080078,-9.449054718017578,-8.862019538879395,125.63192749023438,125.10848389603808,122.74028624556348
775,69117,123.87887573242188,-9.460651397705078,-8.90462589263916,125.63192749023438,125.06297008390014,122.69478138094361
776,69127,123.85140991210938,-9.443937301635742,-9.011140823364258,125.63192749023438,125.03549978981171,122.66732003440704
777,69137,123.78394317626953,-9.490059852600098,-8.830065727233887,125.63192749023438,124.96802858017904,122.59985777236002
778,69147,123.69961547851562,-9.561217308044434,-8.638339042663574,123.79784393310547,124.88369646524599,122.51553449178526
779,69157,123.64063262939453,-9.589495658874512,-8.51052188873291,123.79784393310547,124.82470914229847,122.45655611649059
780,69167,123.5989990234375,-9.587971687316895,-8.446612358093262,125.63192749023438,124.78307100586707,122.41492704100793
781,69177,123.53917694091797,-9.614725112915039,-8.372052192687988,123.79784393310547,124.7232444494871,122.35510943234884
782,69187,123.52104187011719,-9.573060035705566,-8.265538215637207,125.63192749023438,124.70510490480896,122.33697883542541
783,69197,123.44715881347656,-9.62522029876709,-8.521173477172852,124.15511322021484,124.63121743090575,122.26310019604738
784,69207,123.3713150024414,-9.681464195251465,-8.798110961914062,123.79784393310547,124.55536920259154,122.18726080229128
785,69217,123.34119415283203,-9.661420822143555,-8.638339042663574,125.98907470703125,124.52524393568662,122.15714436997744
786,69227,123.29269409179688,-9.673303604125977,-8.808762550354004,124.15511322021484,124.47673945733945,122.1086487262543
787,69237,123.1812515258789,-9.786590576171875,-8.808762550354004,123.79784393310547,124.36529247409298,121.99721057766483
788,69247,123.10953521728516,-9.832579612731934,-8.68094539642334,123.79784393310547,124.29357169152152,121.92549874304879
789,69257,123.04629516601562,-9.863677024841309,-8.617035865783691,124.15511322021484,124.23032710962443,121.86226322240682
790,69267,122.98286437988281,-9.89448070526123,-8.659642219543457,124.15511322021484,124.16689184947987,121.79883691028576
791,69277,122.89976501464844,-9.953723907470703,-8.318795204162598,124.15511322021484,124.08378801021685,121.71574201908003
792,69287,122.84208679199219,-9.968743324279785,-8.127068519592285,124.15511322021484,124.02610531351506,121.65806827046931
793,69297,122.80564880371094,-9.949600219726562,-8.201628684997559,125.98907470703125,123.98966285117135,121.62163475625053
794,69307,122.71099853515625,-10.025909423828125,-8.265538215637207,123.79784393310547,123.89500816517132,121.52698890514118
795,69317,122.63531494140625,-10.072212219238281,-8.478567123413086,124.15511322021484,123.81932009732527,121.45130978548723
796,69327,122.54588317871094,-10.140463829040527,-8.521173477172852,124.15511322021484,123.72988386051699,121.36188249690488
797,69337,122.4901123046875,-10.151739120483398,-8.404006958007812,125.63192749023438,123.67410856899835,121.30611604037665
798,69347,122.44361114501953,-10.148975372314453,-8.51052188873291,125.98907470703125,123.62760293518383,121.25961935485523
799,69357,122.35575866699219,-10.211008071899414,-8.276189804077148,122.32115936279297,123.5397460396281,121.17177129435628
800,69367,122.29344940185547,-10.2299222946167,-8.201628684997559,124.15511322021484,123.47743235694652,121.10946644676442
801,69377,122.17333221435547,-10.342182159423828,-8.190977096557617,122.32115936279297,123.35731075188517,120.98935367682577
802,69387,122.07273864746094,-10.418990135192871,-7.967296600341797,122.32115936279297,123.2567127107771,120.88876458414478
803,69397,121.99410247802734,-10.45897102355957,-7.9566450119018555,124.15511322021484,123.17807212374898,120.81013283230571
804,69407,121.94097137451172,-10.456113815307617,-7.892736434936523,124.15511322021484,123.12493660262234,120.7570061464011
805,69417,121.86625671386719,-10.487277030944824,-7.775570392608643,124.15511322021484,123.05021752435033,120.68229590338404
806,69427,121.79740142822266,-10.50839614868164,-7.786221981048584,122.32115936279297,122.98135782106182,120.61344503538349
807,69437,121.74627685546875,-10.500496864318848,-7.807524681091309,123.79784393310547,122.93022888728424,120.56232482365326
808,69447,121.67735290527344,-10.521817207336426,-7.828827857971191,124.15511322021484,122.8613005194122,120.49340529113468
809,69457,121.62995147705078,-10.504779815673828,-7.551889419555664,124.15511322021484,122.81389473013353,120.44600822396804
810,69467,121.56466674804688,-10.51457405090332,-7.2962541580200195,124.15511322021484,122.74860564005755,120.3807278560362
811,69477,121.52096557617188,-10.486703872680664,-7.051270484924316,124.15511322021484,122.7049001070944,120.33703104524935
812,69487,121.46319580078125,-10.481860160827637,-6.987361907958984,122.32115936279297,122.64712591396174,120.27926568760076
813,69497,121.36727905273438,-10.54038143157959,-7.115179061889648,120.48721313476562,122.5512048047944,120.18335330067436
814,69507,121.29336547851562,-10.561973571777344,-7.083225250244141,124.15511322021484,122.4772868694391,120.10944408759215
815,69517,121.21881866455078,-10.582385063171387,-6.976710319519043,122.32115936279297,122.4027356376832,120.03490169141837
816,69527,121.12688446044922,-10.630128860473633,-6.955407619476318,122.32115936279297,122.31079701577409,119.94297190512435
817,69537,121.03742980957031,-10.672819137573242,-6.848892688751221,122.32115936279297,122.22133800371002,119.85352161543061
818,69547,120.95042419433594,-10.71033763885498,-6.848892688751221,122.32115936279297,122.13432797063534,119.76652041803654
819,69557,120.88542175292969,-10.71034049987793,-6.689120769500732,122.32115936279297,122.0693211680116,119.70152233784778
820,69567,120.80575561523438,-10.732758522033691,-6.5080461502075195,122.32115936279297,121.98965066908272,119.62186056138603
821,69577,120.72563934326172,-10.753030776977539,-6.380228042602539,120.48721313476562,121.90953009250015,119.54174859402329
822,69587,120.60782623291016,-10.8337984085083,-6.3589253425598145,120.48721313476562,121.79171262088309,119.42393984493722
823,69597,120.53583526611328,-10.841469764709473,-6.539999961853027,122.32115936279297,121.71971729280466,119.3519532394219
824,69607,120.42225646972656,-10.916394233703613,-6.412182807922363,122.32115936279297,121.60613413512033,119.2383788043328
825,69617,120.35258483886719,-10.91602611541748,-6.199153423309326,122.32115936279297,121.53645814294727,119.1687115347871
826,69627,120.3047103881836,-10.881502151489258,-6.444137096405029,122.32115936279297,121.48857933093392,119.12084144543327
827,69637,120.26142120361328,-10.84093952178955,-6.476091384887695,122.58708190917969,121.44528584165874,119.07755656556782
828,69647,120.17997741699219,-10.857547760009766,-5.922215461730957,122.32115936279297,121.36383775031715,118.99611708366723
829,69657,120.0990982055664,-10.871718406677246,-5.858306407928467,120.48721313476562,121.2829542341552,118.91524217697761
830,69667,120.00299835205078,-10.912642478942871,-5.986124038696289,120.75325012207031,121.18685001924617,118.8191466848554
831,69677,119.91342163085938,-10.933503150939941,-5.091401100158691,120.48721313476562,121.09726899328709,118.72957426843166
832,69687,119.80601501464844,-10.983319282531738,-5.240521430969238,120.75325012207031,120.98985801565082,118.62217201364605
833,69697,119.73495483398438,-10.972289085388184,-4.995537757873535,122.32115936279297,120.91879353018757,118.55111613778118
834,69707,119.68678283691406,-10.91940975189209,-4.612084865570068,122.32115936279297,120.87061722830241,118.50294844552572
835,69717,119.62113952636719,-10.89469051361084,-4.420358180999756,120.48721313476562,120.80496966956764,118.43730938316673
836,69727,119.55973815917969,-10.858521461486816,-3.99429988861084,122.58708190917969,120.74356394089139,118.37591237746798
837,69737,119.50069427490234,-10.814905166625977,-3.557589530944824,124.15511322021484,120.68451575175223,118.31687279805246
838,69747,119.45777130126953,-10.739227294921875,-2.8758959770202637,122.32115936279297,120.64158841659874,118.27395418594033
839,69757,119.4207763671875,-10.659869194030762,-3.4084692001342773,122.32115936279297,120.60458917762338,118.23696355675162
840,69767,119.45106506347656,-10.458230972290039,-1.9492182731628418,124.42091369628906,120.63487351235982,118.26725661459331
841,69777,119.41706085205078,-10.374874114990234,-2.9717588424682617,120.48721313476562,120.60086499600921,118.23325670809236
842,69787,119.3839340209961,-10.28302001953125,-2.194201946258545,122.58708190917969,120.56773386001402,118.20013418197817
843,69797,119.35655975341797,-10.188111305236816,-2.5776548385620117,120.75325012207031,120.54035523083549,118.17276427600045
844,69807,119.30766296386719,-10.122385025024414,-1.9918241500854492,122.58708190917969,120.4914541363127,118.12387179142168
845,69817,119.26667022705078,-10.045391082763672,-1.9172639846801758,122.58708190917969,120.45045703786394,118.08288341623762
846,69827,119.22105407714844,-9.978675842285156,-2.194201946258545,122.58708190917969,120.40483658295807,118.0372715713388
847,69837,119.18521118164062,-9.88971996307373,-1.3953418731689453,120.75325012207031,120.36898932578599,118.00143303749526
848,69847,119.1418228149414,-9.821783065795898,-2.172898769378662,120.48721313476562,120.32559665405172,117.95804897583109
849,69857,119.12673950195312,-9.700221061706543,-1.2249183654785156,122.58708190917969,120.31050903601275,117.9429699678935
850,69867,119.0965805053711,-9.61612606048584,-2.3965797424316406,122.58708190917969,120.28034579101006,117.91281521973212
851,69877,119.08493041992188,-9.493840217590332,-1.384690284729004,122.58708190917969,120.26869145712496,117.90116938271879
852,69887,119.05520629882812,-9.409626007080078,-2.2474594116210938,120.75325012207031,120.23896303093395,117.8714495667223
853,69897,119.00399780273438,-9.358716011047363,-1.6616287231445312,120.48721313476562,120.1877502863736,117.82024531909515
854,69907,118.93821716308594,-9.334638595581055,-2.172898769378662,120.48721313476562,120.12196539824333,117.75446892792854
855,69917,118.89140319824219,-9.28398609161377,-2.353973865509033,120.48721313476562,120.07514718490249,117.70765921158188
856,69927,118.8523178100586,-9.213827133178711,-1.7361888885498047,120.75325012207031,120.03605754820657,117.66857807191062
857,69937,118.81233215332031,-9.151459693908691,-2.066384792327881,122.32115936279297,119.9960676429407,117.62859666369992
858,69947,118.79085540771484,-9.057583808898926,-2.0024752616882324,120.75325012207031,119.97458670543975,117.60712410998994
859,69957,118.7347640991211,-9.02365493774414,-2.0876870155334473,120.75325012207031,119.91849114828811,117.55103704995408
860,69967,118.72277069091797,-8.909832000732422,-1.3101301193237305,122.58708190917969,119.9064935481596,117.53904783367634
861,69977,118.6898422241211,-8.839644432067871,-1.9492182731628418,120.48721313476562,119.8735608894225,117.50612355881968
862,69987,118.67818450927734,-8.724126815795898,-0.8095111846923828,120.75325012207031,119.86189898262369,117.494470035931
863,69997,118.62893676757812,-8.680806159973145,-1.832052230834961,120.75325012207031,119.81264704895455,117.4452264862017
864,70007,118.58173370361328,-8.62627124786377,-0.7882089614868164,120.75325012207031,119.76543979300494,117.39802761422162
865,70017,118.53656005859375,-8.568512916564941,-1.0012378692626953,120.75325012207031,119.72026201263454,117.35285810455296
866,70027,118.49339294433594,-8.508772850036621,-0.7029962539672852,120.75325012207031,119.67709070636248,117.3096951823094
867,70037,118.4122085571289,-8.499977111816406,0.33019542694091797,118.91941833496094,119.5959020704772,117.22851504378062
868,70047,118.35417938232422,-8.458026885986328,-0.34084606170654297,118.91941833496094,119.53786870362836,117.17049006102008
869,70057,118.29458618164062,-8.422625541687012,-0.46866512298583984,118.91941833496094,119.47827131088577,117.11090105239548
870,70067,118.24397277832031,-8.362995147705078,0.6710424423217773,118.91941833496094,119.42765377214137,117.06029178449926
871,70077,118.25509643554688,-8.203211784362793,0.3834524154663086,122.58708190917969,119.43877323727945,117.0714196338143
872,70087,118.2245101928711,-8.119174003601074,0.010651588439941406,120.75325012207031,119.40818280250033,117.04083758324185
873,70097,118.19860076904297,-8.025774002075195,0.3514986038208008,120.75325012207031,119.38226924320438,117.01493229488156
874,70107,118.15396118164062,-7.9576416015625,0.9799346923828125,121.02339935302734,119.33762552031975,116.9702968429615
875,70117,118.1084976196289,-7.894550800323486,0.8414649963378906,118.91941833496094,119.29215776616056,116.92483747309726
876,70127,118.06511688232422,-7.831437110900879,0.5751791000366211,120.75325012207031,119.24877283669355,116.88146092795489
877,70137,118.0237045288086,-7.769721984863281,0.12781810760498047,120.75325012207031,119.20735629100076,116.84005276661642
878,70147,117.9852066040039,-7.697076797485352,0.8308143615722656,118.91941833496094,119.1688542306554,116.80155897735241
879,70157,117.9681625366211,-7.594174861907959,0.5325736999511719,120.75325012207031,119.15180597106593,116.78451910217626
880,70167,117.89216613769531,-7.585816860198975,0.8627681732177734,118.91941833496094,119.07580543657038,116.70852683882025
881,70177,117.91915893554688,-7.413641452789307,0.48996734619140625,120.75325012207031,119.10279404218579,116.73552382890796
882,70187,117.85033416748047,-7.394933223724365,0.9905872344970703,118.91941833496094,119.03396513852051,116.66670319644042
883,70197,117.79957580566406,-7.346907138824463,0.9586315155029297,120.75325012207031,118.9832026410908,116.61594897023733
884,70207,117.77525329589844,-7.249649524688721,1.7574920654296875,118.91941833496094,118.9588759956974,116.59163059609948
885,70217,117.72927856445312,-7.190370082855225,1.6935834884643555,118.91941833496094,118.91289712860987,116.54566000029638
886,70227,117.70870971679688,-7.088667392730713,1.8214006423950195,118.91941833496094,118.89232408864403,116.52509534494972
887,70237,117.62642669677734,-7.085375785827637,2.279414176940918,117.08558654785156,118.81003693295318,116.4428164606015
888,70247,117.54969024658203,-7.075149059295654,2.013127326965332,118.91941833496094,118.73329634707211,116.36608414609195
889,70257,117.49600982666016,-7.022676467895508,2.535048484802246,118.91941833496094,118.6796117347965,116.31240791852382
890,70267,117.48167419433594,-6.909362316131592,2.258111000061035,118.91941833496094,118.66527191010368,116.29807647856819
891,70277,117.47463989257812,-6.784640312194824,2.407231330871582,120.75325012207031,118.65823341596243,116.29104636919382
892,70287,117.44668579101562,-6.689560890197754,3.0463199615478516,118.91941833496094,118.63027512200163,116.26309646002962
893,70297,117.4167251586914,-6.595991611480713,3.365863800048828,118.91941833496094,118.60031029726427,116.23314002011854
894,70307,117.35150146484375,-6.557479381561279,3.7493162155151367,117.3558578491211,118.53508241098862,116.16792051869888
895,70317,117.30925750732422,-6.4769182205200195,4.271237373352051,118.91941833496094,118.49283431768099,116.12568069696745
896,70327,117.28963470458984,-6.359878063201904,4.38840389251709,118.91941833496094,118.47320737914404,116.10606203003564
897,70337,117.21507263183594,-6.333235263824463,4.420357704162598,117.08558654785156,118.398641113918,116.03150414975387
898,70347,117.175537109375,-6.247066974639893,4.729250907897949,118.91941833496094,118.35910145562539,115.99197276312461
899,70357,117.10199737548828,-6.2158732414245605,4.963582992553711,117.08558654785156,118.28555758589256,115.918437165084
900,70367,117.03392028808594,-6.176496505737305,4.899674415588379,117.3558578491211,118.21747636262965,115.85036421354222
901,70377,117.00554656982422,-6.071779251098633,5.070097923278809,118.91941833496094,118.18909845183698,115.82199468781145
902,70387,116.96244049072266,-5.993142604827881,5.016840934753418,117.3558578491211,118.14598818018963,115.77889280125568
903,70397,116.9243392944336,-5.90613317489624,5.176612854003906,119.18962860107422,118.10788284799624,115.74079574087095
904,70407,116.9087905883789,-5.782248497009277,5.325733184814453,119.18962860107422,118.0923300626793,115.72525111407852
905,70417,116.87065124511719,-5.693741321563721,5.6772308349609375,119.18962860107422,118.05418658348455,115.68711590674982
906,70427,116.81895446777344,-5.624347686767578,6.092638969421387,117.3558578491211,118.00248567019331,115.63542326535357
907,70437,116.8057632446289,-5.486377716064453,6.625212669372559,119.18962860107422,117.98929031108685,115.62223617817097
908,70447,116.79528045654297,-5.341757774353027,7.093876838684082,118.91941833496094,117.97880338702451,115.61175752606142
909,70457,116.80320739746094,-5.168581485748291,7.434723854064941,118.91941833496094,117.98672624860914,115.61968854631273
910,70467,116.79496002197266,-5.022441864013672,7.434723854064941,119.18962860107422,117.97847473711576,115.61144530682955
911,70477,116.79222869873047,-4.864516258239746,7.9459943771362305,119.18962860107422,117.97573927785402,115.60871811960692
912,70487,116.78731536865234,-4.711833953857422,8.318795204162598,119.18962860107422,117.97082186839998,115.60380886890471
913,70497,116.74784851074219,-4.609455108642578,8.947230339050293,117.3558578491211,117.93135098775815,115.56434603372622
914,70507,116.77018737792969,-4.404909133911133,9.565016746520996,119.18962860107422,117.95368577554181,115.58668898031756
915,70517,116.79378509521484,-4.201591968536377,9.107003211975098,119.18962860107422,117.97727935675039,115.6102908336793
916,70527,116.75530242919922,-4.097773551940918,9.905863761901855,117.3558578491211,117.9387926113026,115.57181224709583
917,70537,116.78240203857422,-3.8868000507354736,10.012377738952637,119.18962860107422,117.96588814123139,115.59891593591705
918,70547,116.81353759765625,-3.662928581237793,11.141434669494629,119.18962860107422,117.99701962085314,115.63005557445936
919,70557,116.82636260986328,-3.4696857929229736,11.460976600646973,119.18962860107422,118.00984061024529,115.64288460948127
920,70567,116.85740661621094,-3.238924264907837,12.536776542663574,121.02339935302734,118.04088048044508,115.67393275197679
921,70577,116.87016296386719,-3.03847074508667,12.579380989074707,117.3558578491211,118.05363274859886,115.68669317913552
922,70587,116.92062377929688,-2.7746262550354004,13.527361869812012,118.91941833496094,118.10408954117207,115.73715801742168
923,70597,116.95541381835938,-2.5363142490386963,13.78299617767334,119.18962860107422,118.13887550070417,115.77195213601458
924,70607,116.95146942138672,-2.365389347076416,13.506060600280762,119.18962860107422,118.13492708084749,115.76801176192595
925,70617,116.92596435546875,-2.233114242553711,13.676482200622559,117.3558578491211,118.10941799203182,115.74251071890568
926,70627,116.96585083007812,-1.9913086891174316,14.027981758117676,119.18962860107422,118.149300387069,115.78240127308725
927,70637,117.00299835205078,-1.7592843770980835,13.655180931091309,119.18962860107422,118.18644382945541,115.81955287464615
928,70647,117.0245132446289,-1.556763768196106,13.96407413482666,119.18962860107422,118.20795469909443,115.84107179016338
929,70657,117.02777862548828,-1.3857313394546509,14.027981758117676,117.3558578491211,118.21121605700101,115.84434119397555
930,70667,117.01311492919922,-1.242742896080017,14.358176231384277,117.3558578491211,118.19654828108389,115.82968157731455
931,70677,117.02359008789062,-1.066823124885559,13.96407413482666,117.3558578491211,118.20701941679498,115.84016075898627
932,70687,116.99261474609375,-0.957580029964447,14.20905590057373,117.3558578491211,118.17604010866609,115.80918938352141
933,70697,116.98233032226562,-0.8134034276008606,14.624463081359863,119.18962860107422,118.16575166183047,115.79890898270078
934,70707,117.05757141113281,-0.5341764688491821,14.539250373840332,121.38616943359375,118.2409887276765,115.87415409458913
935,70717,117.02975463867188,-0.433884859085083,13.697787284851074,119.18962860107422,118.21316793218071,115.84634134516304
936,70727,117.02711486816406,-0.2938627600669861,13.580620765686035,119.18962860107422,118.2105241386244,115.84370559770373
937,70737,117.00350952148438,-0.18646012246608734,14.18775463104248,117.3558578491211,118.1869147688825,115.82010427408625
938,70747,116.9845962524414,-0.07390385121107101,14.272963523864746,117.3558578491211,118.1679975334268,115.80119497145601
939,70757,116.92742156982422,-0.027646653354167938,13.878861427307129,117.71887969970703,118.11081888438359,115.74402425526485
940,70767,116.93199920654297,0.12004802376031876,13.740389823913574,119.18962860107422,118.11539255466302,115.74860585842292
941,70777,116.9183120727539,0.23267436027526855,13.53801441192627,117.3558578491211,118.10170145442135,115.73492269108647
942,70787,116.90995788574219,0.34972691535949707,13.633875846862793,119.55252075195312,118.09334324427981,115.72657252720457
943,70797,116.8592300415039,0.3942534029483795,13.293028831481934,115.52747344970703,118.04261137689805,115.67584870610976
944,70807,116.7538833618164,0.3433804214000702,12.515473365783691,113.96017456054688,117.93726067405339,115.57050604957942
945,70817,116.79182434082031,0.5282714366912842,12.749804496765137,119.55252075195312,117.97519768655093,115.6084509950897
946,70827,116.72702026367188,0.5364643335342407,12.174626350402832,115.52747344970703,117.91038958621816,115.54365094112559
947,70837,116.64382934570312,0.5029891133308411,10.90710163116455,115.52747344970703,117.8271946450514,115.46046404635484
948,70847,116.62629699707031,0.5727416276931763,10.449088096618652,117.71887969970703,117.80965827320692,115.4429357209337
949,70857,116.55044555664062,0.5415118932723999,10.225407600402832,115.88523864746094,117.73380286621712,115.36708824706413
950,70867,116.47284698486328,0.49554550647735596,8.830063819885254,115.52747344970703,117.65620032786636,115.2894936418602
951,70877,116.36013793945312,0.3863016963005066,8.009902000427246,113.96017456054688,117.54348731586948,115.17678856303677
952,70887,116.28706359863281,0.33839598298072815,7.839478492736816,115.52747344970703,117.47040895178336,115.10371824548227
953,70897,116.21583557128906,0.28858527541160583,7.104527473449707,115.52747344970703,117.39917690116012,115.03249424141801
954,70907,116.07408142089844,0.11958208680152893,6.582606315612793,112.12653350830078,117.25741878414252,114.89074405765436
955,70917,115.911865234375,-0.08843004703521729,5.634626388549805,112.12653350830078,117.0951986309788,114.7285318377712
956,70927,115.83179473876953,-0.1618138551712036,5.485505104064941,115.88523864746094,117.01512422538633,114.64846525215273
957,70937,115.6617431640625,-0.38749754428863525,4.739902496337891,108.4646224975586,116.84506868401263,114.47841764411237
958,70947,115.52442932128906,-0.5543956756591797,5.016840934753418,111.85992431640625,116.70775081789226,114.34110782468586
959,70957,115.4393081665039,-0.6403436660766602,4.335146903991699,112.12653350830078,116.62262569641365,114.25599063659416
960,70967,115.29664611816406,-0.8194065690040588,4.292540550231934,112.12653350830078,116.47995973803438,114.11333249829374
961,70977,115.17339324951172,-0.9707710146903992,3.557589530944824,112.12653350830078,116.35670290266216,113.99008359636127
962,70987,115.05550384521484,-1.1101584434509277,3.7067108154296875,112.12653350830078,116.23880953163213,113.87219815879756
963,70997,114.91952514648438,-1.2792983055114746,3.3552112579345703,112.12653350830078,116.1028268661552,113.73622342681355
964,71007,114.78337860107422,-1.446424126625061,3.4191207885742188,112.12653350830078,115.96667635398528,113.60008084816316
965,71017,114.6304702758789,-1.643491506576538,2.7480783462524414,111.85992431640625,115.81376406201692,113.4471764897409
966,71027,114.4591293334961,-1.865394115447998,3.0782737731933594,112.12653350830078,115.64241915284775,113.27583951414444
967,71037,114.29307556152344,-2.0762784481048584,2.854593276977539,110.29826354980469,115.4763614707441,113.10978965230278
968,71047,114.1292953491211,-2.27382493019104,3.6108474731445312,110.29826354980469,115.312577291529,112.94601340671319
969,71057,113.97172546386719,-2.4616165161132812,3.152833938598633,112.12653350830078,115.15500343944903,112.78844748828534
970,71067,113.88066864013672,-2.533282995223999,3.664104461669922,112.12653350830078,115.06394270554843,112.69739457472501
971,71077,113.68663024902344,-2.777195930480957,3.0782737731933594,108.4646224975586,114.86990040425209,112.50336009379478
972,71087,113.53931427001953,-2.940166711807251,3.2060909271240234,110.29826354980469,114.72258045838262,112.35604808165644
973,71097,113.41837310791016,-3.063065767288208,2.694821357727051,112.12653350830078,114.60163538606416,112.23511082975615
974,71107,113.2535171508789,-3.2485690116882324,3.3126068115234375,110.29826354980469,114.4367755188109,112.07025878294691
975,71117,113.17488098144531,-3.2920641899108887,3.2060909271240234,112.12653350830078,114.35813549581255,111.99162646707808
976,71127,113.0583724975586,-3.3922979831695557,3.8025732040405273,112.12653350830078,114.24162304500783,111.87512195010936
977,71137,112.92806243896484,-3.510897636413574,3.8025732040405273,112.12653350830078,114.1113090761533,111.74481580177638
978,71147,112.84070587158203,-3.5526371002197266,4.569479942321777,112.12653350830078,114.0239485984968,111.65746314466726
979,71157,112.7363052368164,-3.6144607067108154,5.134006500244141,110.29826354980469,113.91954411011548,111.55306636351733
980,71167,112.63465118408203,-3.6707568168640137,5.197916030883789,110.29826354980469,113.81788614708175,111.45141622108231
981,71177,112.55614471435547,-3.6822710037231445,5.943517684936523,110.29826354980469,113.73937576704292,111.37291366166802
982,71187,112.4995346069336,-3.6516339778900146,6.497393608093262,112.12653350830078,113.68276174929585,111.31630746457134
983,71197,112.40509796142578,-3.6845805644989014,6.156547546386719,112.12653350830078,113.58832125012158,111.22187467272998
984,71207,112.25691223144531,-3.805302858352661,6.209803581237793,110.66015625,113.44013160979026,111.07369285310037
985,71217,112.16783905029297,-3.8233399391174316,6.689120292663574,112.12653350830078,113.35105451827414,110.9846235823118
986,71227,112.0824203491211,-3.8295726776123047,7.402770042419434,110.29826354980469,113.26563196339778,110.89920873484441
987,71237,112.00353240966797,-3.8245749473571777,7.487980842590332,110.66015625,113.18674017022762,110.82032464910831
988,71247,111.96235656738281,-3.754591941833496,7.658404350280762,113.96017456054688,113.14556047421289,110.77915266055274
989,71257,111.85096740722656,-3.795407295227051,7.9459943771362305,110.66015625,113.03416740364172,110.66776741081141
990,71267,111.79830932617188,-3.734175443649292,8.5637788772583,112.12653350830078,112.98150541215921,110.61511324018454
991,71277,111.74801635742188,-3.671813726425171,8.670294761657715,113.96017456054688,112.9312085896416,110.56482412520215
992,71287,111.65804290771484,-3.6727828979492188,8.87267017364502,110.29826354980469,112.8412312861544,110.47485452927529
993,71297,111.57096862792969,-3.6643226146698,9.192215919494629,110.29826354980469,112.75415309590302,110.38778415995635
994,71307,111.50917053222656,-3.6107280254364014,9.52241039276123,112.48835754394531,112.69235114639444,110.32598991805868
995,71317,111.40985107421875,-3.6182870864868164,9.63957691192627,112.12653350830078,112.59302789124251,110.22667425719499
996,71327,111.35358428955078,-3.5596377849578857,9.3945951461792,112.12653350830078,112.5367571960701,110.17041138303146
997,71337,111.2645492553711,-3.5595762729644775,8.904623985290527,110.66015625,112.44771825137305,110.08138025936914
998,71347,111.15788269042969,-3.587629795074463,8.893975257873535,110.66015625,112.34104777590136,109.97471760495802
999,71357,111.09432983398438,-3.53977108001709,9.3945951461792,112.48835754394531,112.27749100891283,109.91116865905592
1000,71367,110.99339294433594,-3.5510072708129883,9.671530723571777,110.66015625,112.17655020870825,109.81023567996363
1001,71377,110.91780853271484,-3.523282051086426,9.596970558166504,112.48835754394531,112.1009619431931,109.73465512223659
1002,71387,110.77790069580078,-3.6048312187194824,9.107003211975098,110.29826354980469,111.96105025237243,109.59475113922913
1003,71397,110.70584869384766,-3.5766208171844482,8.904623985290527,110.66015625,111.88899433982476,109.52270304787055
1004,71407,110.59646606445312,-3.6072700023651123,9.043095588684082,110.66015625,111.77960779982276,109.4133243290835
1005,71417,110.50684356689453,-3.6049304008483887,9.085701942443848,110.29826354980469,111.68998144831953,109.32370568546953
1006,71427,110.47057342529297,-3.518173933029175,9.000489234924316,110.66015625,111.65370745276077,109.28743939782517
1007,71437,110.3292465209961,-3.6135435104370117,7.967297554016113,106.90695190429688,111.51237669449414,109.14611634749805
1008,71447,110.21869659423828,-3.6619832515716553,7.487980842590332,108.83194732666016,111.40182291375403,109.03557027472253
1009,71457,110.06358337402344,-3.7838327884674072,7.242997169494629,106.90695190429688,111.24670583954432,108.88046090850256
1010,71467,109.9365234375,-3.8585851192474365,7.242997169494629,106.90695190429688,111.11964204901348,108.75340482598652
1011,71477,109.796142578125,-3.9637813568115234,6.220456123352051,106.90695190429688,110.97925733561851,108.61302782063149
1012,71487,109.642578125,-4.088878154754639,6.199152946472168,107.26526641845703,110.82568902846099,108.45946722153901
1013,71497,109.52603149414062,-4.156718730926514,5.794397354125977,108.83194732666016,110.70913854355653,108.34292444472472
1014,71507,109.39576721191406,-4.264837265014648,3.909088134765625,106.90695190429688,110.57887040727233,108.21266401655579
1015,71517,109.18494415283203,-4.511906147003174,2.822638511657715,105.07875061035156,110.36804355079772,108.00184475486634
1016,71527,108.98123931884766,-4.7511820793151855,2.0663843154907227,106.90695190429688,110.16433491940856,107.79814371828675
1017,71537,108.7418212890625,-5.049543857574463,1.5125083923339844,105.07875061035156,109.92491309220644,107.55872948591856
1018,71547,108.53131866455078,-5.300729751586914,1.1929645538330078,103.24516296386719,109.71440661358741,107.34823071551415
1019,71557,108.2860336303711,-5.624733924865723,-0.8734197616577148,103.6037368774414,109.46911772528787,107.10294953545431
1020,71567,107.9783935546875,-6.056359767913818,-2.0983386039733887,101.14617156982422,109.16147379547188,106.79531331390312
1021,71577,107.74342346191406,-6.372828006744385,-2.950456142425537,103.6037368774414,108.92649990523216,106.56034701859596
1022,71587,107.50804901123047,-6.69529390335083,-4.090163230895996,103.24516296386719,108.69112165707011,106.32497636539082
1023,71597,107.2974624633789,-6.975191593170166,-4.367101192474365,103.24516296386719,108.48053136840696,106.11439355835086
1024,71607,107.11038208007812,-7.221742630004883,-5.347035884857178,105.07875061035156,108.29344718760352,105.92731697255273
1025,71617,106.84793853759766,-7.59588623046875,-6.209805011749268,101.41696166992188,108.0309998476082,105.66487722758711
1026,71627,106.66910552978516,-7.838998794555664,-7.402769088745117,105.07875061035156,107.85216304226867,105.48604801730164
1027,71637,106.4974594116211,-8.070528030395508,-7.679707050323486,105.07875061035156,107.68051312656537,105.31440569667681
1028,71647,106.28528594970703,-8.366312026977539,-7.9566450119018555,105.07875061035156,107.4683358670999,105.10223603231417
1029,71657,106.00582885742188,-8.77102279663086,-8.318795204162598,101.77565002441406,107.18887503393128,104.82278268091247
1030,71667,105.70801544189453,-9.209942817687988,-9.405244827270508,99.94757843017578,106.89105782082832,104.52497306296074
1031,71677,105.45819091796875,-9.569704055786133,-9.980423927307129,101.77565002441406,106.64122955599524,104.27515227994226
1032,71687,105.27136993408203,-9.818155288696289,-9.746091842651367,105.07875061035156,106.4544048311894,104.08833503697467
1033,71697,105.0296630859375,-10.149160385131836,-9.52241039276123,103.6037368774414,106.2126942421139,103.8466319297611
1034,71707,104.7924575805664,-10.464446067810059,-9.085700988769531,101.77565002441406,105.97548499580002,103.6094301653328
1035,71717,104.59969329833984,-10.702392578125,-9.064397811889648,101.77565002441406,105.78271697261884,103.41666962406084
1036,71727,104.37369537353516,-10.993865966796875,-9.330684661865234,101.77565002441406,105.5567152501663,103.190675496904
1037,71737,104.21151733398438,-11.170154571533203,-8.670293807983398,105.43719482421875,105.39453346963707,103.02850119833168
1038,71747,104.01006317138672,-11.40365982055664,-8.393355369567871,103.6037368774414,105.19307550936736,102.82705083340608
1039,71757,103.80998229980469,-11.622597694396973,-7.573192596435547,101.77565002441406,104.99299089678303,102.62697370282635
1040,71767,103.58097076416016,-11.881528854370117,-7.157785415649414,101.77565002441406,104.76397562012437,102.39796590819594
1041,71777,103.41606903076172,-12.042667388916016,-8.318795204162598,101.77565002441406,104.59907020238228,102.23306785914116
1042,71787,103.19550323486328,-12.295056343078613,-8.627687454223633,101.77565002441406,104.37850072212872,102.01250574759784
1043,71797,102.99617004394531,-12.506377220153809,-8.265538215637207,103.6037368774414,104.17916373347883,101.8131763544118
1044,71807,102.78067779541016,-12.7517728805542,-9.362638473510742,101.77565002441406,103.96366774388241,101.5976878469379
1045,71817,102.57637023925781,-12.970433235168457,-8.94723129272461,101.77565002441406,103.75935644665697,101.39338403185866
1046,71827,102.37650299072266,-13.170974731445312,-8.254886627197266,101.77565002441406,103.55948545703689,101.19352052440843
1047,71837,102.11901092529297,-13.456427574157715,-7.690358638763428,99.94757843017578,103.3019897071938,100.93603214339214
1048,71847,101.9096450805664,-13.657620429992676,-7.519935131072998,102.04290771484375,103.09262017804238,100.72666998309043
1049,71857,101.66614532470703,-13.905280113220215,-7.061922073364258,99.94757843017578,102.84911668106294,100.48317396835112
1050,71867,101.42799377441406,-14.137866020202637,-6.784984111785889,96.20001220703125,102.61096138963808,100.24502615919005
1051,71877,101.1747817993164,-14.390347480773926,-6.689120769500732,96.20001220703125,102.35774573008078,99.99181786855203
1052,71887,100.90403747558594,-14.667701721191406,-6.73172664642334,98.02809143066406,102.08699772187919,99.72107722929269
1053,71897,100.68579864501953,-14.85179328918457,-6.3589253425598145,98.38700103759766,101.86875509346132,99.50284219657775
1054,71907,100.4698715209961,-15.026291847229004,-6.081987380981445,99.94757843017578,101.65282422825884,99.28691881373335
1055,71917,100.2183837890625,-15.253314971923828,-5.773094654083252,98.02809143066406,101.40133275513436,99.03543482299064
1056,71927,99.97271728515625,-15.467626571655273,-5.783746242523193,98.02809143066406,101.15566251002541,98.78977206028709
1057,71937,99.73664093017578,-15.663616180419922,-5.858306407928467,98.38700103759766,100.9195824138304,98.55369944652116
1058,71947,99.4615707397461,-15.919395446777344,-5.879609107971191,98.02809143066406,100.64450842548901,98.27863305400318
1059,71957,99.25408935546875,-16.057931900024414,-5.496156692504883,99.94757843017578,100.43702329997328,98.07115541096422
1060,71967,99.01768493652344,-16.24602699279785,-5.9967756271362305,98.38700103759766,100.20061513977775,97.83475473326912
1061,71977,98.74047088623047,-16.498571395874023,-6.071335792541504,96.20001220703125,99.92339734822274,97.5575444242382
1062,71987,98.5328140258789,-16.635221481323242,-6.252410888671875,100.21495819091797,99.71573680328335,97.34989124847446
1063,71997,98.29440307617188,-16.822546005249023,-6.5080461502075195,98.38700103759766,99.47732211229079,97.11148404005296
1064,72007,98.06178283691406,-16.99876594543457,-6.678469657897949,98.38700103759766,99.2446981317356,96.87886754209252
1065,72017,97.83484649658203,-17.164583206176758,-6.859544277191162,96.20001220703125,99.01775805009439,96.65193494306968
1066,72027,97.67664337158203,-17.21840476989746,-7.104528427124023,100.21495819091797,98.85955118377335,96.49373555939071
1067,72037,97.53384399414062,-17.24985694885254,-7.541237831115723,99.94757843017578,98.71674806499908,96.35093992328217
1068,72047,97.33407592773438,-17.376861572265625,-7.839478969573975,96.20001220703125,98.51697625724813,96.15117559822062
1069,72057,97.12286376953125,-17.519752502441406,-7.743616104125977,96.20001220703125,98.30576041437578,95.93996712468672
1070,72067,96.8644790649414,-17.732345581054688,-7.328208923339844,96.55904388427734,98.04737202510523,95.68158610477758
1071,72077,96.61033630371094,-17.933088302612305,-7.264300346374512,94.73108673095703,97.79322557918259,95.42744702823929
1072,72087,96.38469696044922,-18.080705642700195,-6.667818069458008,96.55904388427734,97.56758260790505,95.20181131299339
1073,72097,96.14453887939453,-18.236610412597656,-5.421596050262451,96.55904388427734,97.32742084213541,94.96165691665365
1074,72107,95.97461700439453,-18.271438598632812,-5.134006500244141,96.55904388427734,97.15749522572078,94.79173878306828
1075,72117,95.68737030029297,-18.50417137145996,-5.751791954040527,92.54923248291016,96.87024478019276,94.50449582039317
1076,72127,95.4458999633789,-18.66409683227539,-6.220456123352051,96.55904388427734,96.62877070184041,94.2630292249174
1077,72137,95.23101043701172,-18.777250289916992,-6.050032615661621,96.55904388427734,96.41387749071183,94.04814338331161
1078,72147,94.98209381103516,-18.929136276245117,-4.654690742492676,94.73108673095703,96.16495717996239,93.79923044210793
1079,72157,94.7785415649414,-19.007627487182617,-4.9529314041137695,96.55904388427734,95.96140124908428,93.59568188079854
1080,72167,94.5816650390625,-19.06532096862793,-4.058208465576172,94.73108673095703,95.76452109509879,93.39880898302621
1081,72177,94.43038177490234,-19.048179626464844,-4.122117519378662,96.55904388427734,95.61323420282092,93.24752934698377
1082,72187,94.28703308105469,-19.014501571655273,-3.7173614501953125,95.00741577148438,95.46988188084443,93.10418428126495
1083,72197,94.06986236572266,-19.097856521606445,-3.301954746246338,92.90850830078125,95.25270753737243,92.88701719407288
1084,72207,93.87733459472656,-19.140239715576172,-3.4510750770568848,96.8299331665039,95.06017613822524,92.69449305122788
1085,72217,93.65168762207031,-19.236459732055664,-3.5362868309020996,93.17951965332031,94.83452548071664,92.46884976342399
1086,72227,93.41572570800781,-19.352615356445312,-3.9836483001708984,92.90850830078125,94.59855988179031,92.23289153422532
1087,72237,93.25816345214844,-19.336713790893555,-3.7067103385925293,96.55904388427734,94.44099394105564,92.07533296324124
1088,72247,93.08733367919922,-19.341270446777344,-3.610846996307373,92.90850830078125,94.27016048321963,91.90450687517881
1089,72257,92.96650695800781,-19.260520935058594,-3.184788227081299,96.8299331665039,94.14933013382078,91.78368378219484
1090,72267,92.79205322265625,-19.266550064086914,-2.9398045539855957,94.73108673095703,93.97487277025066,91.60923367506184
1091,72277,92.62022399902344,-19.263553619384766,-2.4817914962768555,92.90850830078125,93.80303991838815,91.43740807965872
1092,72287,92.45008087158203,-19.258039474487305,-2.524397373199463,94.73108673095703,93.63289316270593,91.26726858045814
1093,72297,92.26600646972656,-19.278018951416016,-2.801335334777832,92.90850830078125,93.4488151325985,91.08319780685463
1094,72307,92.1108169555664,-19.25261116027832,-2.982410430908203,94.73108673095703,93.29362199017525,90.92801192095756
1095,72317,91.9599838256836,-19.217418670654297,-2.8652443885803223,95.00741577148438,93.14278523201823,90.77718241934896
1096,72327,91.83843994140625,-19.136838912963867,-2.9078502655029297,94.73108673095703,93.02123771945554,90.65564216335696
1097,72337,91.70123291015625,-19.08063316345215,-2.8652443885803223,95.00741577148438,92.88402705990907,90.51843876040343
1098,72347,91.58163452148438,-18.999738693237305,-2.950456142425537,94.73108673095703,92.76442509962199,90.39884394334676
1099,72357,91.45015716552734,-18.93735122680664,-2.460488796234131,95.00741577148438,92.6329441153464,90.26737021570828
1100,72367,91.2865982055664,-18.923025131225586,-2.2368083000183105,95.00741577148438,92.46938152705577,90.10381488407704
1101,72377,91.12932586669922,-18.893444061279297,-1.768143653869629,93.17951965332031,92.31210555984777,89.94654617355067
1102,72387,90.97736358642578,-18.85554313659668,-1.7255373001098633,93.17951965332031,92.16013965122238,89.79458752162918
1103,72397,90.79468536376953,-18.86497688293457,-1.3314332962036133,91.35162353515625,91.97745780020304,89.61191292733602
1104,72407,90.674072265625,-18.77333641052246,-1.2781753540039062,94.73108673095703,91.85684107368431,89.49130345756569
1105,72417,90.5368881225586,-18.707435607910156,-1.0012378692626953,95.00741577148438,91.71965335892617,89.35412288619102
1106,72427,90.4280014038086,-18.60005760192871,-1.6509771347045898,95.00741577148438,91.61076301177987,89.24523979583732
1107,72437,90.30412292480469,-18.528133392333984,-2.407231330871582,93.17951965332031,91.48688090436852,89.12136494524086
1108,72447,90.12567138671875,-18.547225952148438,-2.5776548385620117,93.17951965332031,91.30842573786403,88.94291703557347
1109,72457,89.95368194580078,-18.556652069091797,-2.6628665924072266,91.35162353515625,91.13643272521067,88.7709311663909
1110,72467,89.7861328125,-18.559904098510742,-2.7480783462524414,93.17951965332031,90.96887996346923,88.60338566153077
1111,72477,89.64043426513672,-18.52743148803711,-2.7267751693725586,91.35162353515625,90.82317784434882,88.45769068592462
1112,72487,89.50357055664062,-18.48232650756836,-2.8971986770629883,93.17951965332031,90.68631050738999,88.32083060589126
1113,72497,89.39088439941406,-18.400897979736328,-3.152833938598633,93.17951965332031,90.57362077838454,88.20814802044359
1114,72507,89.18354034423828,-18.476133346557617,-3.2913031578063965,89.52910614013672,90.36627309472394,88.00080759375263
1115,72517,89.00532531738281,-18.505245208740234,-3.483029365539551,89.52910614013672,90.18805449606783,87.82259613869779
1116,72527,88.85189819335938,-18.497997283935547,-3.8984365463256836,91.35162353515625,90.03462374353748,87.66917264318127
1117,72537,88.75988006591797,-18.391103744506836,-3.845179557800293,93.17951965332031,89.94260198757803,87.57715814425791
1118,72547,88.63294982910156,-18.341947555541992,-3.7706193923950195,91.35162353515625,89.81566812223244,87.45023153597069
1119,72557,88.50951385498047,-18.288955688476562,-3.887784957885742,91.35162353515625,89.69222857626706,87.32679913369388
1120,72567,88.41093444824219,-18.19649314880371,-3.877133369445801,91.35162353515625,89.5936455976737,87.22822329881068
1121,72577,88.33877563476562,-18.061609268188477,-3.7493162155151367,93.17951965332031,89.52148321233128,87.15606805719997
1122,72587,88.15174865722656,-18.114858627319336,-3.7812705039978027,89.52910614013672,89.33445266291557,86.96904465153756
1123,72597,88.02650451660156,-18.06743812561035,-3.8558311462402344,91.35162353515625,89.20920495040313,86.84380408279999
1124,72607,87.92803192138672,-17.978605270385742,-4.004951477050781,93.17951965332031,89.11072883998695,86.74533500278649
1125,72617,87.79084777832031,-17.951810836791992,-3.7493162155151367,91.35162353515625,88.97354106831465,86.60815448832598
1126,72627,87.6418228149414,-17.943092346191406,-3.557589530944824,89.52910614013672,88.82451253301595,86.45913309686686
1127,72637,87.5013656616211,-17.917255401611328,-3.2699999809265137,89.79180145263672,88.68405180776504,86.31867951547714
1128,72647,87.39886474609375,-17.823406219482422,-2.609609603881836,91.35162353515625,88.58154732029632,86.21618217189118
1129,72657,87.2674331665039,-17.77552604675293,-2.3326711654663086,89.52910614013672,88.45011216875433,86.08475416425348
1130,72667,87.16007232666016,-17.685640335083008,-2.0237784385681152,91.35162353515625,88.34274775694763,85.97739689637268
1131,72677,87.09400939941406,-17.526973724365234,-1.6403255462646484,91.35162353515625,88.27668125772779,85.91133754110034
1132,72687,86.9751968383789,-17.460289001464844,-2.0557332038879395,89.52910614013672,88.15786518140636,85.79252849535145
1133,72697,86.8636245727539,-17.3811092376709,-1.864006519317627,89.79180145263672,88.04628934378621,85.6809598017216
1134,72707,86.75359344482422,-17.299100875854492,-1.746840476989746,89.79180145263672,87.93625470054918,85.57093218909925
1135,72717,86.66731262207031,-17.178348541259766,-1.5977201461791992,89.52910614013672,87.84997030577873,85.4846549383619
1136,72727,86.56456756591797,-17.086071014404297,-1.5977201461791992,91.35162353515625,87.74722167759904,85.3819134542369
1137,72737,86.46975708007812,-16.979568481445312,-1.2142667770385742,89.79180145263672,87.65240761972107,85.28710654043518
1138,72747,86.3558349609375,-16.900548934936523,-0.7349510192871094,89.79180145263672,87.53848192853154,85.17318799334346
1139,72757,86.24352264404297,-16.819507598876953,-0.6071329116821289,89.52910614013672,87.42616609627675,85.06087919180919
1140,72767,86.14226531982422,-16.71906089782715,-0.45801258087158203,89.52910614013672,87.32490525668729,84.95962538296115
1141,72777,86.10153198242188,-16.51854133605957,-0.04260540008544922,89.79180145263672,87.28416840390378,84.91889556093997
1142,72787,85.99114227294922,-16.433332443237305,0.07456016540527344,87.96939849853516,87.17377517903952,84.80850936685891
1143,72797,85.90165710449219,-16.316570281982422,0.010651588439941406,89.79180145263672,87.08428649518044,84.71902771380394
1144,72807,85.77257537841797,-16.269001007080078,-0.23433208465576172,87.96939849853516,86.9552012536937,84.58994950314224
1145,72817,85.6490478515625,-16.211511611938477,-0.33019542694091797,87.70121765136719,86.83167021141527,84.46642549170973
1146,72827,85.55226135253906,-16.10820770263672,0.15977191925048828,87.96939849853516,86.73488019695843,84.3696425081197
1147,72837,85.47994995117188,-15.96423625946045,0.4154071807861328,89.79180145263672,86.66256533684817,84.29733456549558
1148,72847,85.43069458007812,-15.788283348083496,0.1917266845703125,89.79180145263672,86.61330645030029,84.24808270985596
1149,72857,85.32560729980469,-15.705785751342773,0.11716556549072266,87.96939849853516,86.50821571126339,84.14299888834599
1150,72867,85.22467803955078,-15.61689567565918,0.07456016540527344,87.96939849853516,86.40728293553461,84.04207314356695
1151,72877,85.14720916748047,-15.48896598815918,0.5219211578369141,87.96939849853516,86.32981060468043,83.9646077302805
1152,72887,85.05693054199219,-15.384519577026367,0.27693843841552734,87.96939849853516,86.23952846369654,83.87433262028783
1153,72897,84.92413330078125,-15.353591918945312,0.010651588439941406,87.96939849853516,86.10672776368135,83.74153883788115
1154,72907,84.83941650390625,-15.24618911743164,0.12781810760498047,87.96939849853516,86.02200750799197,83.65682549982053
1155,72917,84.739013671875,-15.164701461791992,0.10651493072509766,86.14163970947266,85.92160121713623,83.55642612661377
1156,72927,84.6260757446289,-15.104400634765625,0.03195476531982422,86.14163970947266,85.80865983105554,83.44349165820228
1157,72937,84.53677368164062,-15.008125305175781,0.010651588439941406,87.96939849853516,85.71935430922252,83.35419305405873
1158,72947,84.41522216796875,-14.968599319458008,-0.24498367309570312,86.50129699707031,85.59779933669581,83.23264499924169
1159,72957,84.27471923828125,-14.957439422607422,0.06390857696533203,84.31924438476562,85.45729294814335,83.09214552841915
1160,72967,84.19422912597656,-14.849797248840332,-0.12781810760498047,87.96939849853516,85.37679937696359,83.01165887498954
1161,72977,84.06193542480469,-14.83115291595459,-0.34084606170654297,86.14163970947266,85.24450221690653,82.87936863270285
1162,72987,83.96107482910156,-14.762812614440918,-0.5325727462768555,86.50129699707031,85.1436381623081,82.77851149589503
1163,72997,83.85655212402344,-14.695114135742188,0.2023782730102539,87.96939849853516,85.03911194162109,82.67399230642579
1164,73007,83.7801742553711,-14.581497192382812,0.2236804962158203,86.50129699707031,84.96273055734942,82.59761795339277
1165,73017,83.66657257080078,-14.528236389160156,0.4473609924316406,84.58763885498047,84.84912535714932,82.48401978445224
1166,73027,83.5774917602539,-14.434432983398438,0.7136478424072266,86.50129699707031,84.76004108766617,82.39494243284165
1167,73037,83.43299102783203,-14.433756828308105,0.46866416931152344,84.31924438476562,84.6155368962979,82.25044515936617
1168,73047,83.3716812133789,-14.306086540222168,-0.31954479217529297,88.32893371582031,84.55422362288826,82.18913880386955
1169,73057,83.29795837402344,-14.197420120239258,-0.010651588439941406,86.50129699707031,84.48049732456617,82.1154194234807
1170,73067,83.14152526855469,-14.220029830932617,0.4473609924316406,84.31924438476562,84.32406076012067,81.9589897769887
1171,73077,83.0517578125,-14.13996410369873,-0.1917257308959961,86.14163970947266,84.23428984507912,81.86922577992088
1172,73087,82.94342041015625,-14.096799850463867,-0.7349510192871094,86.14163970947266,84.1259489837384,81.7608918365741
1173,73097,82.86216735839844,-14.010504722595215,-0.6816940307617188,86.50129699707031,84.04469247297348,81.6796422438234
1174,73107,82.76116180419922,-13.954066276550293,-0.31954479217529297,86.14163970947266,83.94368340305176,81.57864020534667
1175,73117,82.66957092285156,-13.886316299438477,-0.6923456192016602,86.50129699707031,83.85208900597115,81.48705283973197
1176,73127,82.51583862304688,-13.9161376953125,-0.17042255401611328,84.31924438476562,83.69835319042306,81.33332405567069
1177,73137,82.3927230834961,-13.89592170715332,-0.1917257308959961,84.58763885498047,83.57523413511842,81.21021203187377
1178,73147,82.33390808105469,-13.769160270690918,0.03195476531982422,86.14163970947266,83.5164156169127,81.15140054519668
1179,73157,82.23560333251953,-13.704176902770996,0.3728008270263672,84.58763885498047,83.41810735260277,81.05309931243629
1180,73167,82.18463897705078,-13.561400413513184,0.6497402191162109,86.50129699707031,83.36713948134881,81.00213847275275
1181,73177,82.1153564453125,-13.453914642333984,0.3514986038208008,84.58763885498047,83.29785343381486,80.93285945681014
1182,73187,82.02706146240234,-13.382261276245117,-0.021302223205566406,84.58763885498047,83.20955499180522,80.84456793299947
1183,73197,81.94229888916016,-13.301080703735352,0.5006189346313477,84.58763885498047,83.12478901616022,80.75980876216009
1184,73207,81.86671447753906,-13.205915451049805,0.5964813232421875,84.58763885498047,83.04920120212651,80.68422775295161
1185,73217,81.77508544921875,-13.140451431274414,0.4154071807861328,84.58763885498047,82.9575687146767,80.5926021837608
1186,73227,81.66282653808594,-13.107513427734375,0.4047555923461914,84.58763885498047,82.84530640111153,80.48034667506035
1187,73237,81.55833435058594,-13.060705184936523,0.7243003845214844,84.58763885498047,82.74081075446195,80.37585794670993
1188,73247,81.45575714111328,-13.01576042175293,0.26628684997558594,82.76537322998047,82.6382301425372,80.27328413968937
1189,73257,81.35968780517578,-12.959839820861816,0.3408470153808594,82.76537322998047,82.54215734743003,80.17721826292153
1190,73267,81.22368621826172,-12.967341423034668,0.5645275115966797,82.76537322998047,82.40615235804414,80.0412200784793
1191,73277,81.15105438232422,-12.871969223022461,0.6390876770019531,84.58763885498047,82.33351706291691,79.96859170173153
1192,73287,81.06231689453125,-12.804343223571777,0.5645275115966797,84.58763885498047,82.24477617263237,79.87985761643013
1193,73297,80.97989654541016,-12.729524612426758,0.45801353454589844,82.76537322998047,82.16235236430147,79.79744072651884
1194,73307,80.88146209716797,-12.680418968200684,0.4154071807861328,82.76537322998047,82.06391451354796,79.69900968078798
1195,73317,80.80606079101562,-12.591754913330078,0.7669048309326172,84.58763885498047,81.9885098048745,79.62361177715675
1196,73327,80.75131225585938,-12.478527069091797,0.25563526153564453,82.76537322998047,81.93375786718735,79.5688666445314
1197,73337,80.6237564086914,-12.48925495147705,-0.33019542694091797,81.30047607421875,81.80619861747869,79.44131419990413
1198,73347,80.499267578125,-12.492159843444824,-0.2023782730102539,80.94310760498047,81.68170638436179,79.31682877188821
1199,73357,80.39805603027344,-12.457196235656738,0.010651588439941406,82.76537322998047,81.58049143394996,79.21562062659692
1200,73367,80.2809829711914,-12.461650848388672,-1.3101301193237305,82.76537322998047,81.46341497229785,79.09855097008496
1201,73377,80.10847473144531,-12.560830116271973,-1.9385666847229004,80.94310760498047,81.29090338668165,78.92604607620898
1202,73387,79.94055938720703,-12.651354789733887,-2.0344300270080566,80.94310760498047,81.12298463985388,78.75813413456018
1203,73397,79.8040771484375,-12.691038131713867,-1.9066123962402344,79.478271484375,80.98649905519514,78.62165524167986
1204,73407,79.64837646484375,-12.756514549255371,-1.5764169692993164,79.478271484375,80.83079496899248,78.46595796069502
1205,73417,79.49322509765625,-12.816102027893066,-1.299478530883789,79.12083435058594,80.67564025589668,78.31080993941582
1206,73427,79.3936996459961,-12.785003662109375,-1.0331916809082031,79.478271484375,80.57611140160819,78.211287890384
1207,73437,79.26677703857422,-12.803022384643555,-1.6403255462646484,79.12083435058594,80.44918544825892,78.08436862888952
1208,73447,79.15139770507812,-12.80107593536377,-1.5444622039794922,79.478271484375,80.33380276882595,77.9689926413303
1209,73457,79.0551986694336,-12.766420364379883,-1.4912052154541016,81.30047607421875,80.23760033052405,77.87279700834314
1210,73467,78.9818344116211,-12.700105667114258,-1.8959612846374512,83.12806701660156,80.16423272675557,77.79943609648662
1211,73477,78.91146087646484,-12.621321678161621,-0.9905862808227539,82.76537322998047,80.09385578892253,77.72906596400716
1212,73487,78.80828094482422,-12.592731475830078,-0.6284360885620117,81.30047607421875,79.99067251130684,77.6258893783416
1213,73497,78.76493835449219,-12.467260360717773,-0.5645284652709961,83.12806701660156,79.94732657499027,77.5825501339941
1214,73507,78.66497802734375,-12.436716079711914,-0.6177854537963867,81.30047607421875,79.84736290184783,77.48259315283967
1215,73517,78.52877807617188,-12.470175743103027,-1.1290550231933594,77.29856872558594,79.71115960467249,77.34639654767126
1216,73527,78.35401153564453,-12.56175422668457,-0.7562541961669922,75.47630310058594,79.53638966142003,77.17163340986903
1217,73537,78.24980926513672,-12.536582946777344,-0.6923456192016602,81.30047607421875,79.43218410160198,77.06743442867146
1218,73547,78.16468048095703,-12.476044654846191,-0.15977191925048828,81.30047607421875,79.34705197139041,76.98230899052365
1219,73557,78.06444549560547,-12.436661720275879,0.29824066162109375,79.478271484375,79.24681369671015,76.88207729450079
1220,73567,77.9668197631836,-12.39519214630127,0.08521175384521484,79.478271484375,79.14918461823761,76.78445490812958
1221,73577,77.85625457763672,-12.370718002319336,0.6177845001220703,79.478271484375,79.03861608663061,76.67389306864283
1222,73587,77.75331115722656,-12.332513809204102,0.7562541961669922,81.30047607421875,78.93566932015086,76.57095299430226
1223,73597,77.61143493652344,-12.36539363861084,-0.07456016540527344,79.478271484375,78.79378975336867,76.4290801196782
1224,73607,77.45623779296875,-12.417652130126953,0.1810750961303711,77.56468963623047,78.63858926372545,76.27388632221205
1225,73617,77.28324890136719,-12.503722190856934,-0.3834524154663086,75.74248504638672,78.46559702602589,76.10090077670849
1226,73627,77.097412109375,-12.614324569702148,-0.8627691268920898,75.74248504638672,78.27975688792623,75.91506733082377
1227,73637,76.9571762084961,-12.646835327148438,-0.6923456192016602,77.92488861083984,78.13951764093038,75.77483477606181
1228,73647,76.81338500976562,-12.684990882873535,-0.713648796081543,77.56468963623047,77.9957230960735,75.63104692345775
1229,73657,76.69805145263672,-12.679266929626465,-1.0225410461425781,79.478271484375,77.88038619280871,75.51571671246472
1230,73667,76.48945617675781,-12.845251083374023,-3.0250163078308105,75.74248504638672,77.67178757078446,75.30712478273117
1231,73677,76.33921813964844,-12.91933822631836,-3.632150173187256,77.56468963623047,77.52154624423483,75.15689003506205
1232,73687,76.17935180664062,-13.010433197021484,-3.82387638092041,75.74248504638672,77.3616766217776,74.99702699150365
1233,73697,76.02373504638672,-13.09293270111084,-3.82387638092041,77.56468963623047,77.20605657206514,74.8414135207083
1234,73707,75.85198211669922,-13.201298713684082,-3.8558311462402344,75.74248504638672,77.03430035290992,74.66966388048851
1235,73717,75.6449966430664,-13.36848258972168,-4.239283561706543,75.74248504638672,76.82731153308505,74.46268175304776
1236,73727,75.4798355102539,-13.462759971618652,-4.004951477050781,73.92565155029297,76.66214711078638,74.29752390972143
1237,73737,75.3450927734375,-13.504046440124512,-3.941042900085449,77.92488861083984,76.52740097104362,74.16278457583138
1238,73747,75.17548370361328,-13.604521751403809,-4.090163230895996,76.10281372070312,76.35778855499892,73.99317885222764
1239,73757,75.06936645507812,-13.595687866210938,-3.7173614501953125,77.92488861083984,76.25166790351798,73.88706500663827
1240,73767,74.86514282226562,-13.749545097351074,-3.972996711730957,73.92565155029297,76.0474409244659,73.68284472006535
1241,73777,74.74439239501953,-13.761011123657227,-3.5682411193847656,77.92488861083984,75.92668715097076,73.5620976390683
1242,73787,74.58485412597656,-13.83259105682373,-3.301954746246338,76.10281372070312,75.76714553566929,73.40256271628384
1243,73797,74.42073822021484,-13.913540840148926,-3.610846996307373,74.28073120117188,75.60302628363958,73.23845015679011
1244,73807,74.23792266845703,-14.026826858520508,-3.9836483001708984,74.28073120117188,75.42020738560431,73.05563795130975
1245,73817,74.09860229492188,-14.067551612854004,-3.930391311645508,76.10281372070312,75.28088366578223,72.91632092406152
1246,73827,73.96430206298828,-14.095235824584961,-3.483029365539551,74.28073120117188,75.14658008755222,72.78202403842434
1247,73837,73.81275177001953,-14.14911937713623,-3.3552117347717285,76.10281372070312,74.9950264482776,72.63047709176146
1248,73847,73.7052001953125,-14.131817817687988,-3.461726665496826,76.10281372070312,74.88747147053795,72.52292892008705
1249,73857,73.52667999267578,-14.221370697021484,-2.5989580154418945,74.28073120117188,74.7089479782937,72.34441200705787
1250,73867,73.37237548828125,-14.264958381652832,-2.077035427093506,74.28073120117188,74.5546402410001,72.1901107355624
1251,73877,73.24295043945312,-14.261160850524902,-1.4059934616088867,74.28073120117188,74.4252119025463,72.06068897635996
1252,73887,73.06149291992188,-14.341071128845215,-1.4059934616088867,74.28073120117188,74.24375115009815,71.8792346897456
1253,73897,72.9412612915039,-14.317231178283691,-1.0331916809082031,74.28073120117188,74.12351623203635,71.75900635097146
1254,73907,72.86388397216797,-14.216334342956543,-0.1917257308959961,76.10281372070312,74.04613562304743,71.6816323212885
1255,73917,72.7318115234375,-14.212445259094238,-0.9373292922973633,74.28073120117188,73.91405988465485,71.54956316222015
1256,73927,72.6233901977539,-14.162115097045898,-0.15977191925048828,74.28073120117188,73.80563526929997,71.44114512620784
1257,73937,72.49954986572266,-14.138577461242676,-0.12781810760498047,74.28073120117188,73.68179164758828,71.31730808385703
1258,73947,72.39922332763672,-14.084189414978027,-0.8734197616577148,74.28073120117188,73.58146181981274,71.21698483546069
1259,73957,72.32292938232422,-13.986977577209473,-0.48996829986572266,74.28073120117188,73.50516464152052,71.14069412312791
1260,73967,72.23350524902344,-13.911958694458008,-0.29824161529541016,74.28073120117188,73.415737218512,71.05127327953487
1261,73977,72.10706329345703,-13.896588325500488,-0.22368144989013672,74.28073120117188,73.28929197322871,70.92483461368535
1262,73987,72.0022964477539,-13.842608451843262,0.07456016540527344,74.28073120117188,73.18452183779954,70.82007105770828
1263,73997,71.95945739746094,-13.687962532043457,0.1810750961303711,76.10281372070312,73.14167949777136,70.77723529715051
1264,74007,71.90396881103516,-13.55299186706543,0.8308143615722656,76.10281372070312,73.08618762160123,70.72175000046909
1265,74017,71.82459259033203,-13.454728126525879,1.0757980346679688,74.28073120117188,73.0068081111446,70.64237706951947
1266,74027,71.75630187988281,-13.33997631072998,0.8201637268066406,74.28073120117188,72.9385141109327,70.57408964883292
1267,74037,71.63127899169922,-13.324047088623047,0.6071338653564453,72.72779846191406,72.81348798969758,70.44906999370086
1268,74047,71.51142883300781,-13.301227569580078,0.4473609924316406,72.46401977539062,72.69363454122535,70.32922312479027
1269,74057,71.41498565673828,-13.240777015686035,0.25563526153564453,72.46401977539062,72.59718813188644,70.23278318159012
1270,74067,71.2853012084961,-13.236980438232422,0.3621501922607422,72.72779846191406,72.46750039384528,70.1031020231469
1271,74077,71.21510314941406,-13.125692367553711,1.384690284729004,74.54975891113281,72.39729904495513,70.03290725387299
1272,74087,71.09014129638672,-13.109598159790039,0.8095111846923828,72.46401977539062,72.2723339021105,69.90794869066293
1273,74097,70.98863220214844,-13.060096740722656,0.5751791000366211,74.28073120117188,72.17082157476702,69.80644282952986
1274,74107,70.91403198242188,-12.96433162689209,0.8414649963378906,72.72779846191406,72.0962181219264,69.73184584291735
1275,74117,70.82340240478516,-12.897597312927246,0.5858306884765625,70.91121673583984,72.0055853111668,69.64121949840352
1276,74127,70.73346710205078,-12.82629108428955,1.1503582000732422,70.64193725585938,71.915646718579,69.55128748552256
1277,74137,70.66837310791016,-12.708517074584961,1.8533544540405273,74.54975891113281,71.85054949129763,69.48619672452269
1278,74147,70.58426666259766,-12.632159233093262,0.8521175384521484,72.46401977539062,71.76643981283556,69.40209351235976
1279,74157,70.5257568359375,-12.518604278564453,0.7136478424072266,74.54975891113281,71.70792675301698,69.34358691885802
1280,74167,70.41216278076172,-12.491959571838379,1.0651473999023438,70.91121673583984,71.59432946467393,69.2299960968495
1281,74177,70.2860107421875,-12.48660945892334,0.9053745269775391,70.91121673583984,71.46817424964608,69.10384723472892
1282,74187,70.18229675292969,-12.443792343139648,1.1397075653076172,72.72779846191406,71.3644570839261,69.00013642193328
1283,74197,70.09880828857422,-12.374258041381836,0.5858306884765625,74.54975891113281,71.28096538637715,68.91665119077129
1284,74207,70.01861572265625,-12.302659034729004,0.4367103576660156,72.72779846191406,71.20076958725686,68.83646185805564
1285,74217,69.9261474609375,-12.253135681152344,0.2023782730102539,72.72779846191406,71.10829809232695,68.74399682954805
1286,74227,69.79364013671875,-12.276900291442871,-0.5325727462768555,70.91121673583984,70.97578753488818,68.61149273854932
1287,74237,69.68540954589844,-12.259468078613281,-0.3728017807006836,70.91121673583984,70.86755376756241,68.50326532423446
1288,74247,69.60010528564453,-12.209604263305664,-0.8734197616577148,72.72779846191406,70.78224633079451,68.41796424049456
1289,74257,69.46277618408203,-12.251140594482422,-1.3953418731689453,69.0892562866211,70.64491399598579,68.28063837217827
1290,74267,69.31009674072266,-12.321014404296875,-1.8746581077575684,69.0892562866211,70.49223131937134,68.12796216207397
1291,74277,69.12198638916016,-12.446629524230957,-1.7894468307495117,69.0892562866211,70.30411773454493,67.93985504377538
1292,74287,68.9967041015625,-12.469372749328613,-1.9172639846801758,70.91121673583984,70.17883221367451,67.81457598945049
1293,74297,68.79399108886719,-12.617269515991211,-1.8533549308776855,67.27267456054688,69.97611602442191,67.61186615331246
1294,74307,68.63494110107422,-12.692740440368652,-1.9598698616027832,69.0892562866211,69.81706280333866,67.45281939880978
1295,74317,68.4676284790039,-12.78145694732666,-2.0237784385681152,69.0892562866211,69.64974700469384,67.28550995331398
1296,74327,68.30191040039062,-12.865074157714844,-1.9172639846801758,67.27267456054688,69.48402569277273,67.11979510800852
1297,74337,68.10387420654297,-13.000152587890625,-1.9918241500854492,67.53909301757812,69.28598626560841,66.92176214747752
1298,74347,67.9825210571289,-13.008219718933105,-1.9172639846801758,70.91121673583984,69.16462988286885,66.80041223138896
1299,74357,67.85325622558594,-13.028496742248535,-1.8746581077575684,69.0892562866211,69.03536187471677,66.6711505764551
1300,74367,67.74248504638672,-13.02232837677002,-2.2474594116210938,69.3609848022461,68.9245875756253,66.56038251714814
1301,74377,67.6207046508789,-13.038081169128418,-2.6415634155273438,69.0892562866211,68.80280400349145,66.43860529826637
1302,74387,67.45918273925781,-13.115737915039062,-2.4498372077941895,67.27267456054688,68.64127891523579,66.27708656327984
1303,74397,67.2856216430664,-13.212867736816406,-2.5350489616394043,67.27267456054688,68.46771464240128,66.10352864373154
1304,74407,67.13306427001953,-13.280510902404785,-3.163485527038574,67.27267456054688,68.31515397925075,65.95097456078831
1305,74417,66.98758697509766,-13.339272499084473,-3.642801284790039,69.0892562866211,68.16967345094224,65.80550049925307
1306,74427,66.88584899902344,-13.32542896270752,-3.5043325424194336,69.3609848022461,68.06793224147253,65.70376575657434
1307,74437,66.73136138916016,-13.3941650390625,-3.131531238555908,67.53909301757812,67.91344139820492,65.54928138011539
1308,74447,66.5357894897461,-13.52711296081543,-2.950456142425537,65.45071411132812,67.7178662653777,65.3537127141145
1309,74457,66.40702056884766,-13.549079895019531,-2.8758959770202637,69.0892562866211,67.58909411105724,65.22494702663808
1310,74467,66.2240982055664,-13.655755043029785,-2.5989580154418945,65.45071411132812,67.40616851434513,65.04202789678769
1311,74477,66.08470916748047,-13.691710472106934,-2.801335334777832,67.27267456054688,67.26677629954656,64.90264203541437
1312,74487,65.96876525878906,-13.686152458190918,-2.5989580154418945,69.0892562866211,67.15082915740676,64.78670136017136
1313,74497,65.80140686035156,-13.76213264465332,-2.4817914962768555,65.72257232666016,66.98346752551201,64.61934619519111
1314,74507,65.65804290771484,-13.792468070983887,-1.981173038482666,65.72257232666016,66.8401003394092,64.47598547602048
1315,74517,65.55866241455078,-13.741556167602539,-1.0864496231079102,67.53909301757812,66.74071661277021,64.37660821633135
1316,74527,65.40392303466797,-13.784534454345703,-1.1610097885131836,65.72257232666016,66.58597411285935,64.22187195647659
1317,74537,65.2575454711914,-13.816429138183594,-1.4166450500488281,65.72257232666016,66.43959342934649,64.07549751303632
1318,74547,65.12725067138672,-13.821377754211426,-1.4272966384887695,65.72257232666016,66.30929545276912,63.94520589000432
1319,74557,64.94680786132812,-13.90660572052002,-1.3420848846435547,63.90067672729492,66.1288494659293,63.76476625672695
1320,74567,64.81001281738281,-13.913569450378418,-0.8840713500976562,65.72257232666016,65.99205124519423,63.6279743895714
1321,74577,64.68134307861328,-13.908294677734375,-0.9479808807373047,63.90067672729492,65.86337838635501,63.499307770871546
1322,74587,64.55302429199219,-13.900769233703613,-0.6710424423217773,67.53909301757812,65.735056479656,63.37099210432837
1323,74597,64.43177032470703,-13.88117790222168,-0.5858306884765625,67.53909301757812,65.61379933555577,63.24974131385829
1324,74607,64.2923583984375,-13.892781257629395,-0.8734197616577148,65.72257232666016,65.47438423246264,63.11033256441237
1325,74617,64.16020202636719,-13.88477897644043,0.12781810760498047,65.72257232666016,65.34222468356018,62.9781793691742
1326,74627,64.10684204101562,-13.743712425231934,0.48996734619140625,69.3609848022461,65.2888615780973,62.924822503933946
1327,74637,63.998451232910156,-13.698718070983887,0.0,63.90067672729492,65.18046759314277,62.81643487267755
1328,74647,63.901702880859375,-13.630419731140137,0.6071338653564453,66.0835189819336,65.08371612096406,62.7196896407547
1329,74657,63.820377349853516,-13.534964561462402,0.8414649963378906,65.72257232666016,65.0023874130922,62.63836728661484
1330,74667,63.72611999511719,-13.45854377746582,1.299478530883789,65.72257232666016,64.90812693821131,62.544113052023064
1331,74677,63.6558952331543,-13.3406400680542,1.5444622039794922,65.72257232666016,64.83789911282575,62.47389135348284
1332,74687,63.56595230102539,-13.25592041015625,1.7574920654296875,65.72257232666016,64.74795311726625,62.38395148478454
1333,74697,63.42362976074219,-13.252058982849121,2.2048540115356445,65.72257232666016,64.60562745681408,62.2416320646703
1334,74707,63.32551956176758,-13.176620483398438,2.2368078231811523,65.72257232666016,64.50751413766227,62.143524985872894
1335,74717,63.2670783996582,-13.034158706665039,2.694821357727051,67.53909301757812,64.44906985536745,62.08508694394896
1336,74727,63.19249725341797,-12.922154426574707,2.3965797424316406,65.72257232666016,64.37448558893354,62.01050891790239
1337,74737,63.18429183959961,-12.698431968688965,3.003713607788086,69.3609848022461,64.36627705491327,62.00230662428595
1338,74747,63.18612289428711,-12.463910102844238,2.8439416885375977,67.89990997314453,64.36810498939063,62.004140799183595
1339,74757,63.20185089111328,-12.205915451049805,3.238046646118164,67.53909301757812,64.38382986599841,62.01987191622815
1340,74767,63.242828369140625,-11.904765129089355,3.972996711730957,69.72168731689453,64.4248042805306,62.06085245775065
1341,74777,63.263099670410156,-11.641349792480469,4.015603065490723,67.53909301757812,64.44507246156542,62.08112687925489
1342,74787,63.28822326660156,-11.369382858276367,4.5588274002075195,65.72257232666016,64.47019293751389,62.10625359568924
1343,74797,63.27268981933594,-11.167083740234375,4.420357704162598,67.53909301757812,64.45465642672899,62.09072321194289
1344,74807,63.25862503051758,-10.969754219055176,4.090163230895996,67.53909301757812,64.44058851765136,62.07666154338379
1345,74817,63.23057174682617,-10.780549049377441,5.794397354125977,65.72257232666016,64.41253217042465,62.04861132322769
1346,74827,63.209049224853516,-10.582508087158203,6.0606842041015625,67.89990997314453,64.39100658490877,62.027091864798265
1347,74837,63.305240631103516,-10.187915802001953,6.934103965759277,71.53807830810547,64.48719492760759,62.12328633459945
1348,74847,63.34419250488281,-9.891274452209473,6.8914995193481445,67.89990997314453,64.5261436810951,62.16224132867051
1349,74857,63.3597297668457,-9.634663581848145,7.2856035232543945,69.3609848022461,64.54167787949079,62.17778165420061
1350,74867,63.384910583496094,-9.358138084411621,8.009902000427246,67.89990997314453,64.56685563256605,62.20296553442615
1351,74877,63.38880920410156,-9.119843482971191,8.276188850402832,67.89990997314453,64.57075113285532,62.2068672753478
1352,74887,63.4539909362793,-8.7717866897583,9.565016746520996,69.3609848022461,64.63592974470863,62.27205212784995
1353,74897,63.484615325927734,-8.481067657470703,10.11889362335205,67.89990997314453,64.66655101402442,62.30267963783105
1354,74907,63.53650665283203,-8.150309562683105,11.194689750671387,69.72168731689453,64.71843922058783,62.354574085076244
1355,74917,63.55029296875,-7.886346817016602,11.098828315734863,67.89990997314453,64.73222247289036,62.36836346460965
1356,74927,63.56709671020508,-7.623631000518799,10.981661796569824,67.89990997314453,64.74902315072205,62.38517026968811
1357,74937,63.58499526977539,-7.364418029785156,10.843192100524902,67.89990997314453,64.76691864666104,62.40307189288974
1358,74947,63.58649444580078,-7.1315484046936035,11.226645469665527,66.0835189819336,64.76841475904716,62.404574132554394
1359,74957,63.59016036987305,-6.896302700042725,11.716614723205566,66.0835189819336,64.77207761947223,62.408243120273866
1360,74967,63.59693145751953,-6.65933895111084,11.684657096862793,64.26174926757812,64.77884564346357,62.41501727157549
1361,74977,63.58454132080078,-6.462566375732422,11.237296104431152,66.0835189819336,64.76645238634715,62.40263025525441
1362,74987,63.57066345214844,-6.2677788734436035,11.407721519470215,66.0835189819336,64.7525713972889,62.388755507007964
1363,74997,63.5426025390625,-6.109375953674316,10.470391273498535,66.0835189819336,64.72450742052371,62.36069765760129
1364,75007,63.481143951416016,-6.012360572814941,9.74609088897705,64.53141784667969,64.66304571245499,62.299242190377036
1365,75017,63.38387680053711,-5.981311321258545,9.4371976852417,62.715145111083984,64.5657754978808,62.201978103193426
1366,75027,63.305484771728516,-5.929230213165283,8.297492027282715,62.35399627685547,64.48738034863365,62.12358919482339
1367,75037,63.21074676513672,-5.908735752105713,8.009902000427246,64.26174926757812,64.39263927833052,62.02885425194292
1368,75047,63.178157806396484,-5.79074764251709,7.626450538635254,66.0835189819336,64.36004731260664,61.99626830018633
1369,75057,63.088775634765625,-5.773709774017334,6.827589988708496,64.26174926757812,64.27066207724872,61.906889192282534
1370,75067,62.98208236694336,-5.792211532592773,6.284363746643066,62.35399627685547,64.16396574569144,61.80019898819527
1371,75077,62.859256744384766,-5.847043991088867,5.336383819580078,62.35399627685547,64.04113711612597,61.67737637264357
1372,75087,62.69926834106445,-5.965071201324463,4.793160438537598,62.35399627685547,63.88114564905491,61.517391033074
1373,75097,62.58668518066406,-5.997937202453613,5.485505104064941,62.715145111083984,63.768559368159494,61.40481099316863
1374,75107,62.454193115234375,-6.066974639892578,4.995537757873535,60.53759765625,63.636064182226534,61.272322048242216
1375,75117,62.26630401611328,-6.227095127105713,4.761205673217773,58.71582794189453,63.44817201933058,61.084436012895985
1376,75127,62.08668518066406,-6.36887264251709,5.006189346313477,56.89943313598633,63.268550063361765,60.90482029796636
1377,75137,61.87087631225586,-6.575601577758789,4.058208465576172,58.71582794189453,63.05273813116267,60.68901449334905
1378,75147,61.695709228515625,-6.721676826477051,3.270000457763672,60.53759765625,62.8775679836236,60.51385047340765
1379,75157,61.470558166503906,-6.950745582580566,2.9611072540283203,57.26095199584961,62.65241385780511,60.288702475202705
1380,75167,61.304500579833984,-7.083990573883057,2.492443084716797,60.53759765625,62.48635320732046,60.122647952347506
1381,75177,61.130714416503906,-7.232510089874268,1.9811735153198242,57.26095199584961,62.312563980167724,59.94886485284009
1382,75187,60.940765380859375,-7.4094414710998535,1.5231599807739258,59.07722473144531,62.122611823954905,59.758918937763845
1383,75197,60.77544403076172,-7.541952133178711,1.768143653869629,59.07722473144531,61.95728741001856,59.59360065150488
1384,75207,60.512725830078125,-7.840360641479492,0.6816940307617188,55.444679260253906,61.694566145488324,59.330885514667926
1385,75217,60.31053161621094,-8.042449951171875,0.12781810760498047,58.71582794189453,61.492368811028435,59.12869442139344
1386,75227,60.1232795715332,-8.222047805786133,-0.5006189346313477,57.26095199584961,61.305113645749756,58.94144549731665
1387,75237,59.87472152709961,-8.499902725219727,-0.5858306884765625,55.444679260253906,61.05655259418382,58.6928904600154
1388,75247,59.69408416748047,-8.659725189208984,-0.1917257308959961,57.26095199584961,60.87591217068613,58.51225616427481
1389,75257,59.50032424926758,-8.838380813598633,-0.31954479217529297,57.26095199584961,60.682149188586735,58.31849930994842
1390,75267,59.32455825805664,-8.989109992980957,-0.6497392654418945,57.26095199584961,60.50638013348136,58.142736382631924
1391,75277,59.132659912109375,-9.166129112243652,-0.9266777038574219,56.89943313598633,60.3144787236317,57.95084110058705
1392,75287,58.90854263305664,-9.392346382141113,-1.0651464462280273,57.26095199584961,60.09035838066864,57.72672688544464
1393,75297,58.69123840332031,-9.605916023254395,-1.1503582000732422,55.444679260253906,59.87305108701404,57.509425719626584
1394,75307,58.46237564086914,-9.833897590637207,-0.9053745269775391,55.444679260253906,59.644185260636654,57.28056602110163
1395,75317,58.19422912597656,-10.118620872497559,-0.6390886306762695,53.53705596923828,59.37603568180992,57.01242257014321
1396,75327,57.932884216308594,-10.385985374450684,-0.3728017807006836,55.444679260253906,59.114687708199845,56.75108072441734
1397,75337,57.75928497314453,-10.506980895996094,-0.5751791000366211,55.444679260253906,58.94108545782562,56.57748448846344
1398,75347,57.4839973449707,-10.788717269897461,-0.27693843841552734,53.53705596923828,58.66579482243398,56.302199867507426
1399,75357,57.30154800415039,-10.913341522216797,-0.12781810760498047,55.444679260253906,58.48334247438821,56.11975353391257
1400,75367,57.10444259643555,-11.053390502929688,0.5538768768310547,55.444679260253906,58.28623405944025,55.92265113343085
1401,75377,56.95088577270508,-11.120790481567383,0.5219211578369141,57.26095199584961,58.132674171728546,55.76909737368161
1402,75387,56.79774856567383,-11.183871269226074,0.777557373046875,57.26095199584961,57.97953395744873,55.615963173898926
1403,75397,56.549530029296875,-11.396066665649414,1.352736473083496,53.53705596923828,57.73131241381556,55.36774764477819
1404,75407,56.34677505493164,-11.524253845214844,1.9279146194458008,53.53705596923828,57.52855437544556,55.16499573441772
1405,75417,56.113441467285156,-11.70599365234375,1.288827896118164,53.53705596923828,57.29521772378636,54.931665210783954
1406,75427,55.94663619995117,-11.771100044250488,1.8533544540405273,55.444679260253906,57.1284095059141,54.764862893988244
1407,75437,55.80384063720703,-11.792244911193848,2.279414176940918,55.444679260253906,56.98561093588299,54.622070338531074
1408,75447,55.687599182128906,-11.771133422851562,2.162247657775879,57.53303909301758,56.86936647351024,54.50583189074757
1409,75457,55.49324035644531,-11.872462272644043,2.6202611923217773,53.53705596923828,56.67500464052437,54.311476072366254
1410,75467,55.38330841064453,-11.831408500671387,3.0250167846679688,57.53303909301758,56.565069687413654,54.20154713387541
1411,75477,55.2579460144043,-11.815363883972168,3.099576950073242,55.444679260253906,56.43970428385584,54.076187744952755
1412,75487,55.05669403076172,-11.924508094787598,2.8971986770629883,53.90061569213867,56.23844929288803,53.87493876863541
1413,75497,54.88387680053711,-11.987936019897461,2.694821357727051,53.90061569213867,56.065629055330525,53.70212454574369
1414,75507,54.73237609863281,-12.0128812789917,3.014364242553711,53.53705596923828,55.91412534608569,53.550626851179935
1415,75517,54.54981994628906,-12.090385437011719,2.7267751693725586,53.90061569213867,55.73156618639374,53.36807370618438
1416,75527,54.42738342285156,-12.066742897033691,2.9504566192626953,55.71683120727539,55.60912671234303,53.2456401333601
1417,75537,54.2512092590332,-12.1236572265625,3.664104461669922,53.90061569213867,55.432949597904084,53.06946892016232
1418,75547,54.121490478515625,-12.112290382385254,2.854593276977539,55.71683120727539,55.30322781001564,52.93975314701561
1419,75557,53.97676467895508,-12.125788688659668,2.758729934692383,53.90061569213867,55.15849905981964,52.795030298090516
1420,75567,53.8731689453125,-12.07282829284668,2.7374267578125,57.26095199584961,55.05490031879103,52.69143757183397
1421,75577,53.737640380859375,-12.075687408447266,2.4817914962768555,53.90061569213867,54.91936874694422,52.55591201477453
1422,75587,53.643104553222656,-12.00987434387207,2.6202611923217773,55.444679260253906,54.82482996864966,52.46137913779565
1423,75597,53.51176071166992,-12.003410339355469,2.769381523132324,55.444679260253906,54.69348317643171,52.33003824690813
1424,75607,53.39125442504883,-11.982661247253418,2.5457000732421875,53.90061569213867,54.572973939138045,52.20953491095961
1425,75617,53.254600524902344,-11.985177993774414,2.7267751693725586,53.90061569213867,54.43631708831161,52.072883961493076
1426,75627,53.07992172241211,-12.0477933883667,2.971759796142578,53.90061569213867,54.26163533513406,51.89820810969016
1427,75637,52.989261627197266,-11.977442741394043,2.6415634155273438,55.71683120727539,54.17097228922454,51.807550965169995
1428,75647,52.88568878173828,-11.931442260742188,2.322019577026367,55.71683120727539,54.06739643631916,51.703981127157405
1429,75657,52.78973388671875,-11.864072799682617,3.376514434814453,53.90061569213867,53.97143864733455,51.60802912610295
1430,75667,52.69748306274414,-11.79354476928711,3.003713607788086,53.90061569213867,53.87918487264316,51.51578125284512
1431,75677,52.561683654785156,-11.804352760314941,2.013127326965332,53.90061569213867,53.74338251396002,51.37998479561029
1432,75687,52.4310417175293,-11.811141967773438,1.8640069961547852,52.084407806396484,53.61273762597264,51.24934580908595
1433,75697,52.2494010925293,-11.90384578704834,1.352736473083496,50.26819610595703,53.4310941069788,51.0677080780798
1434,75707,52.08814239501953,-11.970730781555176,0.3728008270263672,52.084407806396484,53.26983245872292,50.906452331316146
1435,75717,51.93800354003906,-12.02531623840332,-0.31954479217529297,52.084407806396484,53.119690652988965,50.75631642708916
1436,75727,51.828731536865234,-12.017903327941895,-0.5432252883911133,52.084407806396484,53.010415699054285,50.647047374676184
1437,75737,51.63047409057617,-12.15241813659668,-0.3834524154663086,50.53879165649414,52.812155301997,50.44879287915534
1438,75747,51.47386169433594,-12.220416069030762,-0.6497392654418945,52.084407806396484,52.65553995498118,50.292183433690695
1439,75757,51.33710861206055,-12.253235816955566,-0.6284360885620117,52.084407806396484,52.51878397866872,50.15543324545237
1440,75767,51.149330139160156,-12.37690544128418,-1.5125083923339844,50.26819610595703,52.33100261172418,49.96765766659613
1441,75777,50.91031265258789,-12.590567588806152,-1.5125083923339844,48.72270584106445,52.09198223110068,49.7286430740751
1442,75787,50.71350860595703,-12.741159439086914,-3.2913031578063965,50.26819610595703,51.895175290411494,49.53184192150257
1443,75797,50.59963607788086,-12.753715515136719,-3.0782737731933594,52.084407806396484,51.78129981152346,49.41797234423826
1444,75807,50.4468994140625,-12.824586868286133,-2.7480783462524414,50.26819610595703,51.628560196885864,49.265238631239136
1445,75817,50.246238708496094,-12.972562789916992,-2.6415634155273438,46.911991119384766,51.42789654049285,49.064580876499335
1446,75827,50.050506591796875,-13.110532760620117,-2.6628665924072266,48.72270584106445,51.23216141621279,48.86885176738096
1447,75837,49.85683822631836,-13.24766731262207,-3.0889248847961426,48.457359313964844,51.03849009989279,48.67518635274393
1448,75847,49.67080307006836,-13.378049850463867,-3.8558311462402344,48.72270584106445,50.85245199279394,48.48915414734278
1449,75857,49.46547317504883,-13.536739349365234,-3.9516940116882324,50.53879165649414,50.64711920366549,48.283827146432166
1450,75867,49.248653411865234,-13.713873863220215,-4.154071807861328,48.72270584106445,50.43029648961845,48.06701033411202
1451,75877,49.01865768432617,-13.91185474395752,-4.356449604034424,45.09590530395508,50.20029775446098,47.83701761419136
1452,75887,48.84907913208008,-14.011383056640625,-4.803811073303223,50.26819610595703,50.030716251336564,47.66744201282359
1453,75897,48.629058837890625,-14.185855865478516,-4.090163230895996,46.64114761352539,49.81069300626142,47.44742466951983
1454,75907,48.45295333862305,-14.29096794128418,-4.5907816886901855,48.457359313964844,49.63458455610077,47.271322121145325
1455,75917,48.241851806640625,-14.45323657989502,-4.803811073303223,46.911991119384766,49.42348007321792,47.06022354006333
1456,75927,48.032047271728516,-14.61443042755127,-5.176612854003906,46.911991119384766,49.213672587398,46.85042195605903
1457,75937,47.8311882019043,-14.765154838562012,-5.783746242523193,46.911991119384766,49.01281056665861,46.649565837149986
1458,75947,47.64299392700195,-14.881241798400879,-4.633388042449951,47.26875686645508,48.82461334083372,46.461374513170185
1459,75957,47.431793212890625,-15.04114055633545,-5.528110980987549,46.911991119384766,48.61340967579248,46.25017674998877
1460,75967,47.22573471069336,-15.197360038757324,-6.252410888671875,46.911991119384766,48.4073482794068,46.04412114197992
1461,75977,47.025638580322266,-15.341862678527832,-6.241759300231934,45.09590530395508,48.2072492548402,45.84402790580433
1462,75987,46.830650329589844,-15.466998100280762,-5.3683390617370605,46.911991119384766,48.012258109905176,45.64904254927451
1463,75997,46.62422180175781,-15.612543106079102,-5.890260696411133,45.09590530395508,47.80582668786346,45.44261691565217
1464,76007,46.376773834228516,-15.825236320495605,-6.071335792541504,45.09590530395508,47.55837582611739,45.19517184233964
1465,76017,46.10330581665039,-16.07546043395996,-5.900912284851074,43.28519058227539,47.284904914315405,44.92170671898538
1466,76027,45.87470626831055,-16.24493980407715,-5.64527702331543,45.09590530395508,47.05630247174461,44.693110064876485
1467,76037,45.67101287841797,-16.378408432006836,-6.284365177154541,45.09590530395508,46.852606130864146,44.48941962597179
1468,76047,45.45331573486328,-16.523488998413086,-5.315081596374512,43.28519058227539,46.63490609306419,44.271725376662374
1469,76057,45.23824691772461,-16.659343719482422,-5.197915554046631,45.09590530395508,46.41983438167316,44.05665945377606
1470,76067,45.07018280029297,-16.72383689880371,-5.826352119445801,46.911991119384766,46.25176736998207,43.88859823060387
1471,76077,44.86835861206055,-16.826786041259766,-4.175374984741211,43.28519058227539,46.049940230732716,43.68677699338838
1472,76087,44.67194366455078,-16.91741943359375,-4.207329273223877,45.3668327331543,45.85352238894918,43.49036494015238
1473,76097,44.45781707763672,-17.038543701171875,-4.4097065925598145,45.09590530395508,45.639392907754264,43.276241247519174
1474,76107,44.25325393676758,-17.129047393798828,-3.0250163078308105,43.28519058227539,45.434826815846364,43.07168105768879
1475,76117,44.07362747192383,-17.170244216918945,-2.471139907836914,45.09590530395508,45.255197456707435,42.89205748714022
1476,76127,43.9215087890625,-17.164499282836914,-2.2155051231384277,45.3668327331543,45.103075936294935,42.739941641830065
1477,76137,43.77241516113281,-17.14478302001953,-1.4699020385742188,43.28519058227539,44.953979414056036,42.59085090820959
1478,76147,43.64369583129883,-17.085952758789062,-0.777557373046875,45.09590530395508,44.82525718990574,42.462134472691915
1479,76157,43.56304168701172,-16.946977615356445,-0.5325727462768555,46.911991119384766,44.74460015129524,42.3814832227282
1480,76167,43.426597595214844,-16.899375915527344,-0.22368144989013672,45.09590530395508,44.60815316516788,42.24504202526181
1481,76177,43.36143112182617,-16.725345611572266,1.0757980346679688,47.26875686645508,44.542983797441636,42.17987844621071
1482,76187,43.237396240234375,-16.654157638549805,0.5219211578369141,45.3668327331543,44.4189460782571,42.05584640221165
1483,76197,43.19706726074219,-16.44099998474121,1.4912052154541016,49.084716796875,44.378614204413296,42.01552031707108
1484,76207,43.12440872192383,-16.278072357177734,1.8640069961547852,47.26875686645508,44.30595282798843,41.94286461585923
1485,76217,43.072021484375,-16.090944290161133,1.288827896118164,46.911991119384766,44.25356269607394,41.89048027267606
1486,76227,43.042442321777344,-15.861037254333496,2.0983381271362305,47.26875686645508,44.22398063910354,41.86090400445115
1487,76237,42.999637603759766,-15.651755332946777,2.5776548385620117,47.26875686645508,44.18117302670613,41.818102180813405
1488,76247,42.972808837890625,-15.419425010681152,2.5030946731567383,48.72270584106445,44.15434142320281,41.79127625257844
1489,76257,42.89323043823242,-15.274434089660645,2.652215003967285,47.26875686645508,44.074760129150725,41.71170074731412
1490,76267,42.775211334228516,-15.19145393371582,2.9930620193481445,45.09590530395508,43.95673818749888,41.59368448095815
1491,76277,42.64822769165039,-15.124156951904297,2.9930620193481445,43.550865173339844,43.82975165051283,41.46670373278795
1492,76287,42.60873031616211,-14.917378425598145,2.8119869232177734,45.3668327331543,43.79025138060954,41.42720925171468
1493,76297,42.50902557373047,-14.809404373168945,3.0569705963134766,45.3668327331543,43.690543743755796,41.32750740370514
1494,76307,42.41066360473633,-14.697493553161621,3.4084692001342773,45.3668327331543,43.59217888033247,41.22914832914019
1495,76317,42.33962631225586,-14.54252815246582,3.514984130859375,45.3668327331543,43.521138750169435,41.158113874342284
1496,76327,42.232852935791016,-14.446375846862793,3.728013038635254,43.550865173339844,43.41436253601521,41.05134333556682
1497,76337,42.17371368408203,-14.275019645690918,3.7067108154296875,45.3668327331543,43.35522038985604,40.99220697830802
1498,76347,42.09123992919922,-14.142667770385742,3.866482734680176,45.3668327331543,43.27274379727008,40.909736061128356
1499,76357,41.93461990356445,-14.134017944335938,3.7067108154296875,41.74028015136719,43.11612093392536,40.75311887320355
1500,76367,41.88134002685547,-13.957079887390137,3.845179557800293,45.3668327331543,43.062838162745194,40.69984189096574
1501,76377,41.7756462097168,-13.86464786529541,4.1647233963012695,43.550865173339844,42.957141507882795,40.5941509115508
1502,76387,41.63568115234375,-13.828861236572266,4.068860054016113,41.74028015136719,42.8171736127792,40.4541886919083
1503,76397,41.51981735229492,-13.753137588500977,4.303193092346191,41.74028015136719,42.70130703174783,40.33832767284201
1504,76407,41.486385345458984,-13.54334831237793,4.473616600036621,45.3668327331543,42.66787218716785,40.30489850375012
1505,76417,41.35870361328125,-13.498184204101562,3.6214981079101562,39.9296875,42.54018756048418,40.17721966607832
1506,76427,41.276954650878906,-13.371455192565918,4.399056434631348,43.550865173339844,42.45843576032402,40.09547354143379
1507,76437,41.21636199951172,-13.210399627685547,4.622736930847168,43.550865173339844,42.39784032794758,40.03488367107586
1508,76447,41.100555419921875,-13.148831367492676,3.866482734680176,41.74028015136719,42.28203091058643,39.91907992925732
1509,76457,41.04684066772461,-12.985190391540527,4.090163230895996,45.3668327331543,42.22831332061104,39.865368014838175
1510,76467,40.997310638427734,-12.814388275146484,4.324494361877441,43.550865173339844,42.178780453529235,39.81584082332623
1511,76477,40.91163635253906,-12.705496788024902,4.228631973266602,41.74028015136719,42.09310332984881,39.730169375229316
1512,76487,40.86822509765625,-12.531020164489746,4.132769584655762,43.550865173339844,42.049689237167435,39.686760958145065
1513,76497,40.82406234741211,-12.368829727172852,3.3445606231689453,45.3668327331543,42.005523649117904,39.642601045706314
1514,76507,40.74808120727539,-12.269712448120117,2.524397850036621,41.74028015136719,41.9295397279253,39.56662268662548
1515,76517,40.639862060546875,-12.23608112335205,1.384690284729004,42.104183197021484,41.821317743377904,39.458406377715846
1516,76527,40.45259094238281,-12.335122108459473,1.0012378692626953,39.9296875,41.634043787388144,39.27113809737748
1517,76537,40.30887222290039,-12.363198280334473,0.8414649963378906,41.74028015136719,41.49032228682993,39.12742215897085
1518,76547,40.15022659301758,-12.417208671569824,0.5006189346313477,41.74028015136719,41.33167381910793,38.96877936692723
1519,76557,39.99317932128906,-12.475934982299805,-0.3728017807006836,41.74028015136719,41.1746237095334,38.811734933044725
1520,76567,39.82130432128906,-12.56064224243164,-0.46866512298583984,39.9296875,41.00274581492345,38.639862827654675
1521,76577,39.68006134033203,-12.592415809631348,-0.29824161529541016,42.104183197021484,40.86149993934937,38.49862274131469
1522,76587,39.500709533691406,-12.684528350830078,-0.3834524154663086,38.11909866333008,40.682145294842016,38.3192737725408
1523,76597,39.326202392578125,-12.763617515563965,0.021303176879882812,38.11909866333008,40.50763525909765,38.1447695260586
1524,76607,39.19593811035156,-12.772215843200684,-0.24498367309570312,39.9296875,40.37736813899058,38.01450808171254
1525,76617,39.109195709228516,-12.709115028381348,0.04260540008544922,41.74028015136719,40.29062289998022,37.92776851847681
1526,76627,38.97099685668945,-12.719528198242188,1.0971012115478516,38.47775650024414,40.15242120954702,37.789572503831884
1527,76637,38.88725280761719,-12.636678695678711,1.3633880615234375,41.74028015136719,40.06867437933189,37.70583123590249
1528,76647,38.756927490234375,-12.616616249084473,2.854593276977539,38.47775650024414,39.938346224041446,37.575508756427304
1529,76657,38.57127380371094,-12.684785842895508,3.0356674194335938,38.47775650024414,39.75268969960356,37.38985790781832
1530,76667,38.50931167602539,-12.539628028869629,4.473616600036621,40.28828430175781,39.690724733996745,37.327898618054036
1531,76677,38.42766571044922,-12.422811508178711,4.931629180908203,40.28828430175781,39.60907598725112,37.24625543364732
1532,76687,38.353607177734375,-12.297331809997559,4.750554084777832,40.28828430175781,39.53501467336027,37.17219968210848
1533,76697,38.28218078613281,-12.165019989013672,4.931629180908203,40.28828430175781,39.463585443817266,37.10077612844836
1534,76707,38.218231201171875,-12.013522148132324,6.0606842041015625,42.104183197021484,39.39963302090806,37.03682938143569
1535,76717,38.17324447631836,-11.828858375549316,6.689120292663574,42.104183197021484,39.35464345809947,36.99184549453725
1536,76727,38.11598205566406,-11.663739204406738,6.806286811828613,40.28828430175781,39.29737825624258,36.934585855085544
1537,76737,38.05751419067383,-11.492481231689453,7.839478492736816,42.104183197021484,39.238907610043206,36.87612077130445
1538,76747,38.04207229614258,-11.242443084716797,9.27742862701416,43.914710998535156,39.223462934296265,36.86068165798889
1539,76757,38.04982376098633,-10.943272590637207,10.875147819519043,43.914710998535156,39.231211617917786,36.86843590405487
1540,76767,38.08048629760742,-10.594049453735352,12.195929527282715,42.104183197021484,39.261871316550256,36.89910127866459
1541,76777,38.11648941040039,-10.234549522399902,13.261075019836426,44.18568801879883,39.29787164810776,36.93510717269302
1542,76787,38.148109436035156,-9.889508247375488,13.133257865905762,42.104183197021484,39.329488892500514,36.9667299795698
1543,76797,38.18212890625,-9.536352157592773,14.155797004699707,43.914710998535156,39.3635055814668,37.0007522310332
1544,76807,38.21849060058594,-9.183055877685547,14.283616065979004,43.914710998535156,39.39986449454763,37.037116706624246
1545,76817,38.26090621948242,-8.82467269897461,14.507296562194824,42.104183197021484,39.442277332182464,37.07953510678238
1546,76827,38.32468032836914,-8.439472198486328,14.241009712219238,43.914710998535156,39.506048659800975,37.14331199693731
1547,76837,38.35160827636719,-8.132195472717285,12.94153118133545,42.104183197021484,39.53297382652427,37.170242726210105
1548,76847,38.37681198120117,-7.826976299285889,13.751042366027832,41.74028015136719,39.55817480683787,37.195449155564475
1549,76857,38.36846923828125,-7.592674732208252,12.334397315979004,40.28828430175781,39.54982933939127,37.18710913717123
1550,76867,38.36261749267578,-7.367965221405029,11.535536766052246,40.28828430175781,39.543974812491676,37.181260172859886
1551,76877,38.36200714111328,-7.1430583000183105,10.875147819519043,42.104183197021484,39.543361679628504,37.18065260259806
1552,76887,38.35983657836914,-6.916723728179932,11.83377742767334,42.104183197021484,39.54118833557714,37.17848482116114
1553,76897,38.43881607055664,-6.558250427246094,12.025504112243652,43.914710998535156,39.620165103212436,37.257467037900845
1554,76907,38.51875305175781,-6.203306198120117,12.217230796813965,43.914710998535156,39.70009935985512,37.3374067436605
1555,76917,38.520606994628906,-5.999385833740234,10.225407600402832,42.104183197021484,39.70195052139962,37.339263467858196
1556,76927,38.469329833984375,-5.9043965339660645,8.276188850402832,38.47775650024414,39.65067057942194,37.28798908854681
1557,76937,38.41965866088867,-5.811861991882324,8.095114707946777,42.104183197021484,39.600996624986536,37.23832069679081
1558,76947,38.39262008666992,-5.693554878234863,7.12583065032959,42.104183197021484,39.57395532618378,37.211284847156065
1559,76957,38.348297119140625,-5.610226154327393,6.5080461502075195,38.47775650024414,39.529629634064186,37.166964604217064
1560,76967,38.242637634277344,-5.637846946716309,5.474853515625,36.57589340209961,39.423967367841826,37.06130790071286
1561,76977,38.10451126098633,-5.722660541534424,4.984886169433594,38.74910354614258,39.28583826994782,36.92318425202484
1562,76987,37.946807861328125,-5.844969272613525,4.281889915466309,34.76536560058594,39.128132088917575,36.765483633738675
1563,76997,37.75825500488281,-6.031252384185791,2.6841697692871094,33.31789016723633,38.93957650785657,36.57693350190905
1564,77007,37.6085205078125,-6.167053699493408,1.0971012115478516,36.938697814941406,38.78983928616428,36.42720172946072
1565,77017,37.407474517822266,-6.387994766235352,0.7029972076416016,35.1282958984375,38.588790628308935,36.226158407335596
1566,77027,37.21067810058594,-6.604383945465088,0.15977191925048828,35.1282958984375,38.391991486438194,36.02936471473368
1567,77037,37.01411437988281,-6.819697380065918,-0.10651493072509766,32.954837799072266,38.195424984330955,35.83280377543467
1568,77047,36.78709411621094,-7.098544120788574,-1.8959612846374512,31.50748634338379,37.968401939248416,35.60578629317346
1569,77057,36.60007858276367,-7.319239616394043,-3.014364719390869,33.31789016723633,37.78138362438394,35.4187735411434
1570,77067,36.38139343261719,-7.587167263031006,-2.9611077308654785,33.31789016723633,37.562695806341324,35.20009105889305
1571,77077,36.16316604614258,-7.8626790046691895,-4.239283561706543,32.954837799072266,37.34446569520061,34.981866397084545
1572,77087,35.975154876708984,-8.083300590515137,-4.058208465576172,33.31789016723633,37.15645180109464,34.79385795232333
1573,77097,35.76895523071289,-8.328112602233887,-3.887784957885742,33.31789016723633,36.95024943041987,34.58766103100591
1574,77107,35.52360534667969,-8.642099380493164,-4.867720127105713,31.144311904907227,36.70489676493739,34.34231392842199
1575,77117,35.305152893066406,-8.901249885559082,-4.217980861663818,32.954837799072266,36.48644164339721,34.123864142735606
1576,77127,35.11137008666992,-9.113431930541992,-3.9623451232910156,32.954837799072266,36.2926561123032,33.930084061036645
1577,77137,34.908241271972656,-9.343003273010254,-4.516221523284912,33.31789016723633,36.089524629666855,33.72695791427846
1578,77147,34.684452056884766,-9.592202186584473,-3.493680953979492,31.50748634338379,35.865732689869006,33.503171423900525
1579,77157,34.55001449584961,-9.676715850830078,-1.8746581077575684,35.1282958984375,35.7312924041176,33.368736587581616
1580,77167,34.334529876708984,-9.884511947631836,-1.235569953918457,31.50748634338379,35.51580506025445,33.15325469316352
1581,77177,34.10659408569336,-10.109625816345215,-1.2675247192382812,31.50748634338379,35.287866601275255,32.925321570111464
1582,77187,33.91931915283203,-10.268464088439941,-1.6296749114990234,32.954837799072266,35.10058894367896,32.738049361985105
1583,77197,33.6989631652832,-10.477850914001465,-1.5338115692138672,29.697080612182617,34.88023023138888,32.51769609917753
1584,77207,33.48838424682617,-10.668434143066406,-1.6722803115844727,31.775009155273438,34.66964858818431,32.307119905468035
1585,77217,33.342254638671875,-10.748968124389648,-1.384690284729004,33.31789016723633,34.52351625527619,32.16099302206756
1586,77227,33.19440841674805,-10.81810474395752,-0.07456016540527344,33.31789016723633,34.375667365358154,32.01314946813794
1587,77237,33.092960357666016,-10.795747756958008,1.4166450500488281,35.1282958984375,34.27421658150986,31.91170413382217
1588,77247,32.997833251953125,-10.751815795898438,2.5776548385620117,33.31789016723633,34.17908680779058,31.816579696115667
1589,77257,32.886940002441406,-10.732939720153809,2.8119869232177734,33.31789016723633,34.06819083350016,31.70568917138265
1590,77267,32.78267288208008,-10.690881729125977,4.100813865661621,33.58535385131836,33.96392098835385,31.60142477580631
1591,77277,32.69948196411133,-10.616832733154297,3.9623451232910156,33.31789016723633,33.88072740236037,31.51823652586228
1592,77287,32.61872863769531,-10.533724784851074,4.462964057922363,33.31789016723633,33.79997135114693,31.437485924243695
1593,77297,32.60003662109375,-10.34726333618164,4.920977592468262,35.1282958984375,33.78127660974166,31.418796632445844
1594,77307,32.5608024597168,-10.18524169921875,6.0606842041015625,36.938697814941406,33.742039723554704,31.379565195878886
1595,77317,32.508949279785156,-10.043582916259766,6.454789161682129,35.1282958984375,33.69018387557385,31.327714683996458
1596,77327,32.43613052368164,-9.938455581665039,6.358925819396973,35.1282958984375,33.6173624514151,31.254898595948184
1597,77337,32.38773727416992,-9.796039581298828,6.486742973327637,33.31789016723633,33.568966533842115,31.20650801449773
1598,77347,32.32495880126953,-9.68038272857666,6.177850723266602,33.58535385131836,33.50618527933952,31.143732323199544
1599,77357,32.2230339050293,-9.627299308776855,6.348273277282715,31.50748634338379,33.404257658258125,31.041810151800473
1600,77367,32.18358612060547,-9.469306945800781,6.806286811828613,35.1282958984375,33.36480714898685,31.002365092224093
1601,77377,32.130516052246094,-9.334903717041016,7.061923027038574,33.31789016723633,33.31173435577374,30.94929774871845
1602,77387,32.05742645263672,-9.235264778137207,6.859543800354004,35.1282958984375,33.238642031304344,30.876210873969097
1603,77397,31.9942684173584,-9.11935043334961,7.242997169494629,33.58535385131836,33.1754812143916,30.813055620325198
1604,77407,31.91115379333496,-9.034889221191406,7.445374488830566,31.775009155273438,33.09236386549544,30.729943721174482
1605,77417,31.851774215698242,-8.912278175354004,7.605147361755371,33.31789016723633,33.032981562979714,30.67056686841677
1606,77427,31.755146026611328,-8.854568481445312,7.32820987701416,33.58535385131836,32.9363506490075,30.57394140421515
1607,77437,31.645751953125,-8.820456504821777,7.232346534729004,33.58535385131836,32.82695385062959,30.464550055620403
1608,77447,31.539165496826172,-8.78397274017334,6.838240623474121,29.697080612182617,32.720364669432904,30.357966324219444
1609,77457,31.45461082458496,-8.715596199035645,6.529349327087402,33.31789016723633,32.635807272287536,30.273414376882386
1610,77467,31.395456314086914,-8.612839698791504,5.986124038696289,33.58535385131836,32.576650093648084,30.214262534525744
1611,77477,31.31899070739746,-8.551337242126465,4.846417427062988,33.58535385131836,32.50018176204204,30.137799652752886
1612,77487,31.226299285888672,-8.5235595703125,4.21798038482666,33.58535385131836,32.40748767237966,30.045110899397685
1613,77497,31.154136657714844,-8.460297584533691,4.377753257751465,31.775009155273438,32.3353223192768,29.972950996152893
1614,77507,31.003217697143555,-8.529502868652344,4.004951477050781,29.697080612182617,32.18440074730928,29.822034646977826
1615,77517,30.918813705444336,-8.497591018676758,3.387166976928711,31.50748634338379,32.09999408743839,29.73763332345028
1616,77527,30.817249298095703,-8.499141693115234,2.7800331115722656,31.50748634338379,31.998426955142257,29.63607164104915
1617,77537,30.6602725982666,-8.596409797668457,2.300717353820801,29.697080612182617,31.841447587129302,29.4790976094039
1618,77547,30.530332565307617,-8.650969505310059,2.013127326965332,29.96466636657715,31.711504829210376,29.349160301404858
1619,77557,30.42323112487793,-8.671457290649414,1.619023323059082,31.775009155273438,31.604400720584653,29.242061529171206
1620,77567,30.33856773376465,-8.65572452545166,1.619023323059082,31.775009155273438,31.519734661269307,29.15740080625999
1621,77577,30.20191764831543,-8.728035926818848,1.1610097885131836,28.159696578979492,31.383081907612,29.02075338901886
1622,77587,30.088111877441406,-8.772604942321777,0.14912033081054688,29.96466636657715,31.269273468523856,28.906950286358956
1623,77597,29.954483032226562,-8.84830093383789,0.1704235076904297,29.96466636657715,31.135641955088868,28.773324109364257
1624,77607,29.82437515258789,-8.91845703125,0.021303176879882812,29.96466636657715,31.005531407224023,28.64321889795176
1625,77617,29.678512573242188,-9.01334285736084,0.12781810760498047,29.96466636657715,30.85966615964612,28.497358986838254
1626,77627,29.516298294067383,-9.13053035736084,0.28759002685546875,28.159696578979492,30.69744921223309,28.335147375901677
1627,77637,29.338863372802734,-9.277556419372559,-0.3834524154663086,28.159696578979492,30.520011622724184,28.157715122881285
1628,77647,29.1656494140625,-9.417930603027344,-0.6497392654418945,28.159696578979492,30.346795052505012,27.984503775619988
1629,77657,29.04254913330078,-9.484663009643555,-1.6509771347045898,28.159696578979492,30.223692160258583,27.86140610634298
1630,77667,28.918962478637695,-9.548049926757812,-1.1929636001586914,29.96466636657715,30.100102837333413,27.737822119941978
1631,77677,28.775707244873047,-9.644122123718262,-1.4912052154541016,28.159696578979492,29.956844935300655,27.59456955444544
1632,77687,28.63608169555664,-9.734643936157227,-1.6935834884643555,28.159696578979492,29.817216660938257,27.454946730175024
1633,77697,28.50383186340332,-9.811836242675781,-1.768143653869629,28.159696578979492,29.684964217276626,27.322699509530015
1634,77707,28.352008819580078,-9.91922378540039,-1.5977201461791992,26.349353790283203,29.53313850516719,27.170879133992965
1635,77717,28.24339485168457,-9.94942855834961,-1.0438432693481445,28.159696578979492,29.424521925751698,27.062267777617443
1636,77727,28.098604202270508,-10.034482955932617,-0.713648796081543,28.159696578979492,29.279728608039516,26.9174797965015
1637,77737,27.999788284301758,-10.046472549438477,-1.1610097885131836,28.159696578979492,29.180910021766614,26.8186665468369
1638,77747,27.864561080932617,-10.123393058776855,-1.6616287231445312,28.426347732543945,29.0456801500873,26.683442011777935
1639,77757,27.74934959411621,-10.166966438293457,-1.6083717346191406,28.159696578979492,28.930466051727436,26.568233136504986
1640,77767,27.582494735717773,-10.301013946533203,-2.428534507751465,26.349353790283203,28.76360852500689,26.401380946428656
1641,77777,27.458141326904297,-10.374338150024414,-3.5043325424194336,28.159696578979492,28.63925244786528,26.277030205943312
1642,77787,27.317691802978516,-10.481755256652832,-4.28188943862915,26.349353790283203,28.49880031237847,26.13658329357856
1643,77797,27.177871704101562,-10.581387519836426,-3.759967803955078,26.349353790283203,28.35897760193471,25.996765806268414
1644,77807,27.08663558959961,-10.60366439819336,-4.303192615509033,28.426347732543945,28.26773887586018,25.90553230333904
1645,77817,26.99519920349121,-10.626357078552246,-4.303192615509033,28.159696578979492,28.176299878173424,25.814098528808998
1646,77827,26.925708770751953,-10.60783576965332,-3.8664817810058594,28.159696578979492,28.106806777076404,25.744610764427502
1647,77837,26.900962829589844,-10.505167007446289,-2.439185619354248,31.775009155273438,28.082058224324264,25.719867434855423
1648,77847,26.81648063659668,-10.501971244812012,-2.7800331115722656,28.159696578979492,27.997573419735296,25.635387853458063
1649,77857,26.75392723083496,-10.467655181884766,-3.2699999809265137,28.159696578979492,27.935017402372,25.57283705929792
1650,77867,26.69469451904297,-10.423002243041992,-2.7480783462524414,28.159696578979492,27.875782022198518,25.51360701588742
1651,77877,26.6368350982666,-10.373377799987793,-2.1409449577331543,28.426347732543945,27.817920046583158,25.455750149950045
1652,77887,26.581289291381836,-10.314732551574707,-1.5764169692993164,29.96466636657715,27.76237162807949,25.400206954684183
1653,77897,26.57033920288086,-10.183143615722656,-1.3953418731689453,29.96466636657715,27.751418927953836,25.389259477807883
1654,77907,26.562015533447266,-10.04185676574707,-0.6071329116821289,29.96466636657715,27.743092590115147,25.380938476779384
1655,77917,26.57456398010254,-9.866046905517578,-0.34084606170654297,29.96466636657715,27.755638481908832,25.393489478296246
1656,77927,26.490474700927734,-9.845269203186035,-0.010651588439941406,28.159696578979492,27.671546591092024,25.309402810763444
1657,77937,26.428464889526367,-9.787677764892578,0.12781810760498047,29.96466636657715,27.60953416804288,25.247395611009853
1658,77947,26.349767684936523,-9.748882293701172,1.054494857788086,26.349353790283203,27.530834351799484,25.168701018073563
1659,77957,26.273075103759766,-9.706053733825684,1.2675247192382812,28.426347732543945,27.454139158963397,25.092011048556135
1660,77967,26.238618850708008,-9.583507537841797,2.492443084716797,29.96466636657715,27.419680351021928,25.057557350394088
1661,77977,26.24691390991211,-9.388548851013184,3.0356674194335938,30.3278865814209,27.42797285533079,25.06585496449343
1662,77987,26.200061798095703,-9.281296730041504,3.493680953979492,28.426347732543945,27.38111813183798,25.019005464353427
1663,77997,26.17699432373047,-9.13490104675293,3.759967803955078,30.3278865814209,27.358048045790568,24.99594060167037
1664,78007,26.175275802612305,-8.949995994567871,3.759967803955078,30.3278865814209,27.35632691298445,24.99422469224016
1665,78017,26.135047912597656,-8.833606719970703,4.015603065490723,28.426347732543945,27.316096468052088,24.953999357143225
1666,78027,26.10205078125,-8.713566780090332,3.387166976928711,30.3278865814209,27.283096725005052,24.921004837494948
1667,78037,26.005006790161133,-8.697026252746582,3.6854076385498047,28.426347732543945,27.186050122211032,24.823963458111233
1668,78047,25.914039611816406,-8.685742378234863,2.0876874923706055,28.426347732543945,27.095080388931763,24.73299883470105
1669,78057,25.80689239501953,-8.701876640319824,1.9385671615600586,26.621501922607422,26.987930617194817,24.625854172844246
1670,78067,25.68276596069336,-8.75473690032959,1.0864496231079102,26.621501922607422,26.863801571146418,24.5017303502403
1671,78077,25.504465103149414,-8.907096862792969,-0.12781810760498047,24.54438018798828,26.685498158651225,24.323432047647604
1672,78087,25.32649040222168,-9.059457778930664,-0.5645284652709961,24.54438018798828,26.507520845989838,24.14545995845352
1673,78097,25.136394500732422,-9.2362060546875,-1.1823129653930664,23.006433486938477,26.317422389538155,23.95536661192669
1674,78107,24.934236526489258,-9.436054229736328,-1.927915096282959,23.006433486938477,26.11526180354991,23.753211249428606
1675,78117,24.717317581176758,-9.662997245788574,-2.4817914962768555,21.196216583251953,25.898340246486555,23.53629491586696
1676,78127,24.52154541015625,-9.845714569091797,-1.832052230834961,23.006433486938477,25.702565520486793,23.340525299825707
1677,78137,24.271629333496094,-10.117387771606445,-2.3007168769836426,21.196216583251953,25.45264688884186,23.09061177815033
1678,78147,24.04625129699707,-10.35018539428711,-2.790684223175049,21.196216583251953,25.22726629735253,22.865236296641612
1679,78157,23.8670654296875,-10.506682395935059,-3.014364719390869,24.811283111572266,25.048077875047124,22.686052984327876
1680,78167,23.650819778442383,-10.717896461486816,-2.822638511657715,21.196216583251953,24.831829612022776,22.46980994486199
1681,78177,23.46336555480957,-10.879404067993164,-2.7800331115722656,21.55463981628418,24.644372833382953,22.282358276236188
1682,78187,23.295753479003906,-11.007244110107422,-2.8971986770629883,23.006433486938477,24.47675820256475,22.114748755443063
1683,78197,23.115848541259766,-11.15323257446289,-2.918501853942871,21.196216583251953,24.2968506530243,21.93484642949523
1684,78207,22.917312622070312,-11.325942039489746,-2.7374267578125,23.006433486938477,24.09831212203276,21.736313122107866
1685,78217,22.743555068969727,-11.455042839050293,-2.6415634155273438,21.196216583251953,23.924551957124315,21.562558180815138
1686,78227,22.59998321533203,-11.533180236816406,-2.694821357727051,23.364736557006836,23.7809775484516,21.418988882212464
1687,78237,22.460248947143555,-11.60011100769043,-2.311368465423584,23.364736557006836,23.641240668443835,21.279257225843274
1688,78247,22.324331283569336,-11.658130645751953,-2.0983386039733887,23.364736557006836,23.505320393044553,21.14334217409412
1689,78257,22.149978637695312,-11.776323318481445,-2.0557332038879395,21.196216583251953,23.33096513533969,20.968992140050936
1690,78267,21.979068756103516,-11.887924194335938,-2.34332275390625,21.196216583251953,23.160052698690393,20.79808481351664
1691,78277,21.83556365966797,-11.956233024597168,-2.4498372077941895,23.364736557006836,23.016545047191823,20.654582272144115
1692,78287,21.670095443725586,-12.056915283203125,-2.1409449577331543,21.196216583251953,22.851074276180885,20.489116611270287
1693,78297,21.515567779541016,-12.139983177185059,-2.428534507751465,21.55463981628418,22.69654405692223,20.3345915021598
1694,78307,21.362289428710938,-12.222801208496094,-2.7800331115722656,19.391368865966797,22.543263151012546,20.18131570640933
1695,78317,21.177616119384766,-12.354795455932617,-2.609609603881836,19.391368865966797,22.358587286601235,19.996644952168296
1696,78327,21.01293182373047,-12.450181007385254,-2.460488796234131,21.196216583251953,22.193900379076418,19.83196326838452
1697,78337,20.856407165527344,-12.526276588439941,-2.077035427093506,21.55463981628418,22.037373108996995,19.675441222057692
1698,78347,20.687808990478516,-12.617895126342773,-1.6616287231445312,19.391368865966797,21.8687723788462,19.506845602110833
1699,78357,20.559295654296875,-12.640118598937988,-1.3420848846435547,23.364736557006836,21.740256487557062,19.378334821036688
1700,78367,20.422077178955078,-12.675695419311523,-1.2036151885986328,21.55463981628418,21.60303540032189,19.241118957588267
1701,78377,20.305213928222656,-12.678961753845215,-1.363387107849121,21.55463981628418,21.48616959447079,19.12425826197452
1702,78387,20.16909408569336,-12.707589149475098,-0.9053745269775391,21.55463981628418,21.350047196817293,18.988140974569426
1703,78397,20.079248428344727,-12.6578369140625,-0.5325727462768555,21.55463981628418,21.260199041119648,18.898297815569805
1704,78407,19.973587036132812,-12.632166862487793,-0.4367094039916992,21.55463981628418,21.154535093772598,18.792638978493027
1705,78417,19.83122444152832,-12.662135124206543,0.0,19.65860366821289,21.012169944027438,18.650278939029203
1706,78427,19.768936157226562,-12.561660766601562,0.0,21.196216583251953,20.949879161360574,18.58799315309255
1707,78437,19.65403175354004,-12.541193008422852,0.6923446655273438,21.55463981628418,20.83497220252245,18.473091304557627
1708,78447,19.536287307739258,-12.524101257324219,0.8734207153320312,21.196216583251953,20.717225201564542,18.355349413913974
1709,78457,19.409963607788086,-12.515263557434082,1.501856803894043,19.65860366821289,20.590898889669255,18.229028325906917
1710,78467,19.35011100769043,-12.394698143005371,2.023777961730957,21.55463981628418,20.53104379118487,18.16917822419599
1711,78477,19.250288009643555,-12.331720352172852,2.652215003967285,23.364736557006836,20.43121823796428,18.06935778132283
1712,78487,19.134998321533203,-12.299600601196289,2.322019577026367,21.55463981628418,20.315925994674686,17.95407064839172
1713,78497,19.065950393676758,-12.192947387695312,2.322019577026367,21.55463981628418,20.246875511633473,17.885025275720043
1714,78507,18.997241973876953,-12.085549354553223,2.758729934692383,21.55463981628418,20.178164593425432,17.816319354328474
1715,78517,18.948139190673828,-11.936873435974121,3.514984130859375,21.196216583251953,20.129059255026604,17.767219126321052
1716,78527,18.881866455078125,-11.818109512329102,3.557589530944824,21.196216583251953,20.062783964229666,17.700948945926584
1717,78537,18.802562713623047,-11.714254379272461,4.633387565612793,21.55463981628418,19.983477667567822,17.62164775967827
1718,78547,18.750844955444336,-11.557554244995117,5.442899703979492,21.55463981628418,19.93175735417682,17.56993255671185
1719,78557,18.757007598876953,-11.309142112731934,5.592020034790039,23.364736557006836,19.937917499174294,17.576097698579613
1720,78567,18.687673568725586,-11.178520202636719,6.316319465637207,21.55463981628418,19.8685809137997,17.50676622365147
1721,78577,18.68329620361328,-10.945574760437012,6.113941192626953,23.364736557006836,19.86420099345864,17.502391413767924
1722,78587,18.681352615356445,-10.704741477966309,7.061923027038574,23.364736557006836,19.86225484996752,17.50045038074537
1723,78597,18.678876876831055,-10.47391128540039,6.433485984802246,23.364736557006836,19.85977661298548,17.49797714067663
1724,78607,18.701799392700195,-10.194576263427734,7.424073219299316,23.364736557006836,19.8826965736094,17.52090221179099
1725,78617,18.765031814575195,-9.855152130126953,7.583844184875488,25.169458389282227,19.94592655380047,17.584137075349922
1726,78627,18.771968841552734,-9.613019943237305,7.338860511779785,23.364736557006836,19.952861139089027,17.591076544016442
1727,78637,18.8395938873291,-9.265046119689941,8.617035865783691,23.364736557006836,20.020483686387724,17.65870408827048
1728,78647,18.926755905151367,-8.8836669921875,9.3945951461792,26.979555130004883,20.107643205727033,17.7458686045757
1729,78657,19.011919021606445,-8.509940147399902,9.565016746520996,25.169458389282227,20.19280382369387,17.831034219519022
1730,78667,19.07977294921875,-8.159247398376465,10.672768592834473,23.364736557006836,20.26065525281264,17.89889064562486
1731,78677,19.187381744384766,-7.739386558532715,11.727263450622559,26.979555130004883,20.368261492695716,18.006501996073816
1732,78687,19.302303314208984,-7.30323600769043,12.82436466217041,25.169458389282227,20.483180507231463,18.121426121186506
1733,78697,19.414024353027344,-6.875029563903809,13.239773750305176,26.979555130004883,20.59489910432456,18.233149601730126
1734,78707,19.503284454345703,-6.4929914474487305,12.898924827575684,26.979555130004883,20.684156707128125,18.32241220156328
1735,78717,19.620290756225586,-6.071181774139404,13.026741981506348,26.979555130004883,20.801160510487925,18.439421001963247
1736,78727,19.698312759399414,-5.713539123535156,13.6658296585083,25.169458389282227,20.879179958351656,18.51744556044717
1737,78737,19.834800720214844,-5.270658493041992,13.261075019836426,27.24718475341797,21.015665477421162,18.653935963008525
1738,78747,19.92998695373535,-4.901068687438965,13.367588996887207,25.169458389282227,21.11084921240573,18.749124695064975
1739,78757,20.02956771850586,-4.531764507293701,13.19716739654541,25.169458389282227,21.210427478635008,18.84870795837671
1740,78767,20.132373809814453,-4.165519714355469,12.952181816101074,25.169458389282227,21.313231071397087,18.95151654823182
1741,78777,20.17595672607422,-3.9025914669036865,12.792410850524902,23.63248634338379,21.356811545890377,18.99510190625806
1742,78787,20.27635383605957,-3.5561530590057373,12.366351127624512,25.169458389282227,21.457206214104207,19.095501458014933
1743,78797,20.353845596313477,-3.2583236694335938,11.780522346496582,25.169458389282227,21.534695475795978,19.172995716830975
1744,78807,20.418315887451172,-2.9904496669769287,11.36511516571045,25.442522048950195,21.599163268366254,19.23746850653609
1745,78817,20.516828536987305,-2.681166648864746,10.417134284973145,25.169458389282227,21.69767341932968,19.33598365464493
1746,78827,20.520179748535156,-2.5347580909729004,10.03368091583252,21.55463981628418,21.701022132299535,19.339337364770778
1747,78837,20.54688835144043,-2.3601291179656982,9.320033073425293,23.63248634338379,21.727728236621527,19.366048466259333
1748,78847,20.591690063476562,-2.164952516555786,8.659642219543457,23.364736557006836,21.77252745006909,19.410852676884033
1749,78857,20.55918312072754,-2.1038713455200195,8.105765342712402,21.55463981628418,21.740018065512498,19.37834817594258
1750,78867,20.566776275634766,-1.975100040435791,8.467915534973145,23.364736557006836,21.7476087218207,19.38594382944883
1751,78877,20.5398006439209,-1.9053139686584473,8.382702827453613,20.017791748046875,21.720630591502527,19.35897069633927
1752,78887,20.589231491088867,-1.7215955257415771,7.5625410079956055,23.364736557006836,21.7700589400609,19.408404042116835
1753,78897,20.61866569519043,-1.5762813091278076,7.360163688659668,23.364736557006836,21.79949064554758,19.43784074483328
1754,78907,20.59096336364746,-1.5244768857955933,7.392117500305176,21.55463981628418,21.77178587217132,19.4101408551236
1755,78917,20.586671829223633,-1.4428850412368774,6.56130313873291,21.82782554626465,21.767491839122155,19.40585181932511
1756,78927,20.564044952392578,-1.3968194723129272,6.231106758117676,19.65860366821289,21.744862520447597,19.38322738433756
1757,78937,20.579137802124023,-1.2842764854431152,6.7743330001831055,21.55463981628418,21.759952928330485,19.398322675917562
1758,78947,20.554471969604492,-1.2448145151138306,6.018077850341797,19.65860366821289,21.73528465395735,19.373659285251634
1759,78957,20.515649795532227,-1.225475788116455,6.56130313873291,20.017791748046875,21.69645998123896,19.334839609825494
1760,78967,20.458080291748047,-1.234399676322937,6.710423469543457,20.017791748046875,21.63888803559096,19.277272547905135
1761,78977,20.418561935424805,-1.2272697687149048,5.176612854003906,19.65860366821289,21.599367237398845,19.237756633450765
1762,78987,20.371761322021484,-1.2282614707946777,5.794397354125977,20.381629943847656,21.552564125333777,19.19095851870919
1763,78997,20.283233642578125,-1.315144419670105,3.781270980834961,18.2131290435791,21.46403400401133,19.10243328114492
1764,79007,20.23312759399414,-1.3276807069778442,4.878371238708496,18.2131290435791,21.413925456755145,19.052329731233137
1765,79017,20.1865234375,-1.334530234336853,5.208566665649414,21.82782554626465,21.367318801583515,19.005728073416485
1766,79027,20.162349700927734,-1.2950201034545898,5.837003707885742,20.017791748046875,21.34314245275186,18.98155694910361
1767,79037,20.115333557128906,-1.2931205034255981,6.081987380981445,20.017791748046875,21.296123810264728,18.934543303993085
1768,79047,19.995105743408203,-1.4230550527572632,4.4310102462768555,18.2131290435791,21.175893497850435,18.81431798896597
1769,79057,19.99155044555664,-1.35934579372406,5.027492523193359,21.82782554626465,21.17233564451132,18.81076524660196
1770,79067,19.972373962402344,-1.3288289308547974,4.068860054016113,21.82782554626465,21.153156662652737,18.79159126215195
1771,79077,19.89568519592285,-1.3790760040283203,5.453550338745117,18.2131290435791,21.07646539746367,18.71490499438203
1772,79087,19.83710289001465,-1.4103045463562012,4.249934196472168,18.2131290435791,21.017880592840605,18.656325187188692
1773,79097,19.80320167541504,-1.3871582746505737,5.783746719360352,20.017791748046875,20.983976879520846,18.622426471309232
1774,79107,19.790685653686523,-1.3389813899993896,4.750554084777832,20.017791748046875,20.971458415856166,18.60991289151688
1775,79117,19.738893508911133,-1.3442155122756958,5.858306884765625,20.017791748046875,20.91966377235017,18.558123245472096
1776,79127,19.688648223876953,-1.357756495475769,4.78250789642334,20.017791748046875,20.869415988580098,18.50788045917381
1777,79137,19.68012046813965,-1.2930264472961426,5.858306884765625,20.017791748046875,20.860885734101615,18.499355202177682
1778,79147,19.652318954467773,-1.2700709104537964,4.920977592468262,20.017791748046875,20.833081778473023,18.471556130462524
1779,79157,19.58639907836914,-1.3049722909927368,5.389641761779785,18.2131290435791,20.767159403622752,18.40563875311553
1780,79167,19.542320251464844,-1.3022630214691162,5.64527702331543,18.2131290435791,20.72307807796153,18.361562424968156
1781,79177,19.51885986328125,-1.2761471271514893,4.580130577087402,20.017791748046875,20.699615191015727,18.338104535546773
1782,79187,19.476316452026367,-1.2726693153381348,5.421596527099609,20.017791748046875,20.657069280993344,18.29556362305939
1783,79197,19.41593360900879,-1.3131234645843506,3.9197397232055664,20.017791748046875,20.596683995993327,18.23518322202425
1784,79207,19.358009338378906,-1.3418080806732178,4.686644554138184,18.2131290435791,20.53875722658549,18.177261450172324
1785,79217,19.26239585876465,-1.4333804845809937,4.377753257751465,16.408466339111328,20.443141304978575,18.081650412550722
1786,79227,19.207271575927734,-1.4596872329711914,4.324494361877441,18.2131290435791,20.388014580143953,18.026528571711516
1787,79237,19.118247985839844,-1.5335172414779663,4.963582992553711,16.681249618530273,20.298988548053302,17.937507423626386
1788,79247,19.074377059936523,-1.536956787109375,4.505570411682129,18.2131290435791,20.255115180142173,17.893638939730874
1789,79257,19.01182746887207,-1.5703916549682617,4.654690742492676,20.381629943847656,20.192563147064863,17.831091790679277
1790,79267,18.94426727294922,-1.6019822359085083,5.900912284851074,18.2131290435791,20.1250005091241,17.763534036774338
1791,79277,18.93985366821289,-1.5308417081832886,5.528110504150391,20.017791748046875,20.120584462364814,17.759122874060967
1792,79287,18.913379669189453,-1.4814364910125732,7.104527473449707,20.017791748046875,20.094108021313364,17.732651317065542
1793,79297,18.889148712158203,-1.4348013401031494,6.380227088928223,18.2131290435791,20.069874622249053,17.708422802067354
1794,79307,18.88527488708496,-1.3532063961029053,6.816939353942871,20.017791748046875,20.065998355137697,17.704551419032224
1795,79317,18.803861618041992,-1.387176752090454,7.818177223205566,20.017791748046875,19.984582644051567,17.623140592032417
1796,79327,18.784072875976562,-1.3271188735961914,7.2856035232543945,18.2131290435791,19.9647915167298,17.603354235223325
1797,79337,18.72917938232422,-1.3109124898910522,8.670294761657715,18.485788345336914,19.90989558102431,17.54846318362413
1798,79347,18.700056076049805,-1.2552196979522705,8.372052192687988,18.2131290435791,19.880769832691694,17.519342319407915
1799,79357,18.71074676513672,-1.133205533027649,8.73420238494873,20.017791748046875,19.891458136507588,17.53003539376585
1800,79367,18.72334098815918,-1.0026757717132568,9.533062934875488,20.381629943847656,19.904049917461865,17.542632058856494
1801,79377,18.774206161499023,-0.80666583776474,10.03368091583252,23.63248634338379,19.954912648728474,17.593499674269573
1802,79387,18.82335090637207,-0.6222983002662659,9.373290061950684,20.017791748046875,20.004054894730658,17.642646918013483
1803,79397,18.852602005004883,-0.471000075340271,9.660880088806152,20.017791748046875,20.033303608072714,17.67190040193705
1804,79407,18.90066909790039,-0.29163020849227905,9.778044700622559,23.63248634338379,20.081368315672645,17.719969880128136
1805,79417,18.95368003845215,-0.09861153364181519,10.5982084274292,22.186168670654297,20.134376814131084,17.772983262773213
1806,79427,19.045276641845703,0.15724554657936096,10.843192100524902,23.63248634338379,20.22597103221931,17.864582251472097
1807,79437,19.090442657470703,0.32449910044670105,9.916516304016113,21.82782554626465,20.271134662534163,17.909750652407244
1808,79447,19.087764739990234,0.4122065603733063,10.012377738952637,18.485788345336914,20.268454302945454,17.907075177035015
1809,79457,19.141599655151367,0.589526355266571,10.023030281066895,22.186168670654297,20.322286775993298,17.960912534309436
1810,79467,19.160022735595703,0.7111830711364746,10.566254615783691,20.381629943847656,20.34070741431929,17.979338056872116
1811,79477,19.17905616760254,0.83594810962677,10.864495277404785,20.381629943847656,20.35973846099636,17.998373874208717
1812,79487,19.257112503051758,1.0477759838104248,10.108241081237793,22.186168670654297,20.43779241111099,18.076432594992525
1813,79497,19.19671630859375,1.0295008420944214,9.895211219787598,18.485788345336914,20.37739383131358,18.01603878587392
1814,79507,19.25301742553711,1.1933083534240723,9.011141777038574,22.186168670654297,20.43369256291271,18.072342288161508
1815,79517,19.230464935302734,1.2178609371185303,8.457262992858887,18.2131290435791,20.411137687329294,18.049792183276175
1816,79527,19.231958389282227,1.279571533203125,8.180325508117676,20.381629943847656,20.412628699160724,18.05128807940373
1817,79537,19.198436737060547,1.2798347473144531,7.72231388092041,18.485788345336914,20.379104661580246,18.017768812540847
1818,79547,19.198638916015625,1.3343061208724976,7.6903581619262695,20.381629943847656,20.379304455171706,18.017973376859544
1819,79557,19.123571395874023,1.2591501474380493,7.12583065032959,16.681249618530273,20.304234549661672,17.942908242086375
1820,79567,19.067363739013672,1.2089252471923828,6.412182807922363,16.681249618530273,20.24802456422272,17.886702913804623
1821,79577,18.988542556762695,1.1227233409881592,6.358925819396973,18.2131290435791,20.169200996593784,17.807884116931607
1822,79587,18.91522216796875,1.0417890548706055,5.858306884765625,16.681249618530273,20.09587822241706,17.73456611352044
1823,79597,18.82613754272461,0.9292734861373901,5.2192182540893555,16.681249618530273,20.00679121178532,17.6454838736639
1824,79607,18.73594856262207,0.8140744566917419,4.750554084777832,16.681249618530273,19.916599846290364,17.555297278953777
1825,79617,18.705997467041016,0.8029783964157104,5.315081596374512,18.485788345336914,19.88664636531207,17.52534856876996
1826,79627,18.625049591064453,0.7018134593963623,4.61208438873291,16.681249618530273,19.80569610393345,17.444403078195457
1827,79637,18.541927337646484,0.6008052825927734,4.644040107727051,18.485788345336914,19.72257152190406,17.361283153388907
1828,79647,18.405805587768555,0.41819995641708374,5.144658088684082,13.07217025756836,19.586447443410123,17.225163732126987
1829,79657,18.30866241455078,0.2907746434211731,3.930391311645508,14.876709938049316,19.48930188477606,17.1280229443255
1830,79667,18.21626091003418,0.17767000198364258,4.4310102462768555,16.681249618530273,19.39689805163415,17.03562376843421
1831,79677,18.118993759155273,0.04463554918766022,3.0463199615478516,16.681249618530273,19.299628572125343,16.938358946185204
1832,79687,18.030197143554688,-0.06643760204315186,3.642801284790039,14.876709938049316,19.21082957109424,16.849564716015134
1833,79697,17.922983169555664,-0.22012236714363098,2.151597023010254,16.681249618530273,19.103613211659884,16.742353127451445
1834,79707,17.740102767944336,-0.4885886013507843,2.716123580932617,13.07217025756836,18.92073048140465,16.55947505448402
1835,79717,17.61884117126465,-0.6650621891021729,1.5125083923339844,14.876709938049316,18.7994664992801,16.438215843249196
1836,79727,17.516088485717773,-0.8015681505203247,2.311367988586426,14.876709938049316,18.696711428283546,16.335465543152
1837,79737,17.398944854736328,-0.965087890625,1.5870685577392578,14.876709938049316,18.579565468644194,16.218324240828462
1838,79747,17.30410385131836,-1.084251046180725,2.34332275390625,15.235504150390625,18.48472207976702,16.123485622869698
1839,79757,17.210161209106445,-1.2002757787704468,2.0770368576049805,14.876709938049316,18.3907771088879,16.02954530932499
1840,79767,17.09889030456543,-1.3514245748519897,1.3633880615234375,14.876709938049316,18.279503875675083,15.918276733455775
1841,79777,16.970565795898438,-1.520955204963684,1.9705209732055664,13.07217025756836,18.1511770383317,15.789954553465176
1842,79787,16.8216609954834,-1.7348501682281494,0.5858306884765625,13.07217025756836,18.002269909235675,15.641052081731122
1843,79797,16.702247619628906,-1.8886977434158325,1.5977201461791992,13.07217025756836,17.88285414789834,15.521641091359475
1844,79807,16.638816833496094,-1.954363465309143,0.8521175384521484,16.681249618530273,17.81942103307524,15.458212633916947
1845,79817,16.541332244873047,-2.077232599258423,0.8095111846923828,14.876709938049316,17.721934115757318,15.360730373988776
1846,79827,16.38826560974121,-2.280442714691162,1.3207817077636719,13.431086540222168,17.568865095128405,15.207666124354017
1847,79837,16.273616790771484,-2.4258060455322266,0.7456026077270508,15.235504150390625,17.4542139474545,15.093019634088467
1848,79847,16.102825164794922,-2.6482977867126465,1.9172639846801758,13.431086540222168,17.283419992769172,14.922230336820673
1849,79857,15.9553804397583,-2.825944423675537,2.0557336807250977,11.626670837402344,17.135972882221242,14.774787997295359
1850,79867,15.853046417236328,-2.9291529655456543,2.258111000061035,13.431086540222168,17.0336365309812,14.672456303491455
1851,79877,15.753060340881348,-3.013427972793579,3.546937942504883,15.235504150390625,16.93364812590356,14.572472555859136
1852,79887,15.670770645141602,-3.06640362739563,3.4723777770996094,13.07217025756836,16.851356044638276,14.490185245644927
1853,79897,15.571379661560059,-3.158600091934204,2.471139907836914,13.07217025756836,16.751962675526375,14.390796647593742
1854,79907,15.478116035461426,-3.231661081314087,3.2167434692382812,13.431086540222168,16.658696720691076,14.297535350231776
1855,79917,15.387125968933105,-3.2980844974517822,3.110227584838867,13.431086540222168,16.567704268622872,14.206547669243339
1856,79927,15.330058097839355,-3.3140499591827393,2.652215003967285,16.681249618530273,16.51063401198442,14.149482183694294
1857,79937,15.296667098999023,-3.2876200675964355,3.2060909271240234,16.681249618530273,16.477240684393415,14.116093513604632
1858,79947,15.264633178710938,-3.251671314239502,3.82387638092041,16.681249618530273,16.445204378551097,14.084061978870777
1859,79957,15.199441909790039,-3.27303147315979,3.259347915649414,15.235504150390625,16.38001072407115,14.01887309550893
1860,79967,15.195539474487305,-3.190155267715454,4.090163230895996,15.235504150390625,16.376105903204543,14.014973045770066
1861,79977,15.114027976989746,-3.2274973392486572,4.9529314041137695,13.07217025756836,16.294592020138293,13.9334639338412
1862,79987,15.056806564331055,-3.2291066646575928,4.260586738586426,15.235504150390625,16.237368221906088,13.876244906756021
1863,79997,15.033950805664062,-3.179872512817383,3.7706193923950195,17.039920806884766,16.214510077660762,13.853391533667361
1864,80007,14.976850509643555,-3.180586576461792,4.4416608810424805,15.235504150390625,16.157407452856756,13.796293566430352
1865,80017,14.921588897705078,-3.1728968620300293,5.038143157958984,15.235504150390625,16.102143512130187,13.74103428327997
1866,80027,14.887271881103516,-3.1400146484375,4.090163230895996,15.235504150390625,16.06782410993606,13.706719652270971
1867,80037,14.81886100769043,-3.172739267349243,3.163484573364258,15.235504150390625,15.999410907725581,13.638311107655278
1868,80047,14.768662452697754,-3.166898250579834,3.9836483001708984,15.235504150390625,15.94921002393092,13.588114881464588
1869,80057,14.758402824401855,-3.104792833328247,3.0889244079589844,17.039920806884766,15.938948010028223,13.577857638775487
1870,80067,14.710794448852539,-3.1068782806396484,2.875896453857422,15.235504150390625,15.891337305667621,13.530251592037457
1871,80077,14.644566535949707,-3.130215644836426,3.781270980834961,17.039920806884766,15.82510706394891,13.464026007950505
1872,80087,14.600298881530762,-3.1229090690612793,3.099576950073242,15.235504150390625,15.780837023908934,13.41976073915259
1873,80097,14.519155502319336,-3.1824164390563965,2.673518180847168,13.431086540222168,15.699691315872327,13.338619688766345
1874,80107,14.459185600280762,-3.208240509033203,2.162247657775879,15.235504150390625,15.639719085003978,13.278652115557545
1875,80117,14.381704330444336,-3.2624034881591797,2.673518180847168,13.431086540222168,15.56223542953229,13.201173231356382
1876,80127,14.327280044555664,-3.2882657051086426,1.437948226928711,14.876709938049316,15.507808814804543,13.146751274306785
1877,80137,14.272388458251953,-3.306973934173584,1.9172639846801758,15.235504150390625,15.452914899657163,13.091862016846743
1878,80147,14.202730178833008,-3.362577438354492,1.043844223022461,13.431086540222168,15.38325423458872,13.022206123077295
1879,80157,14.151046752929688,-3.383502960205078,1.1184043884277344,15.235504150390625,15.331568479832432,12.970525026026943
1880,80167,14.041409492492676,-3.507033348083496,0.46866416931152344,13.07217025756836,15.221928890537857,12.860890094447495
1881,80177,13.9771728515625,-3.5511634349823,0.5538768768310547,13.431086540222168,15.157689920745524,12.796655782379476
1882,80187,13.914515495300293,-3.600731372833252,-0.11716556549072266,13.431086540222168,15.095030235616566,12.73400075498402
1883,80197,13.814149856567383,-3.708599090576172,0.06390857696533203,11.626670837402344,14.994662324814104,12.633637388320661
1884,80207,13.71591854095459,-3.815586805343628,-0.46866512298583984,11.626670837402344,14.896428680325483,12.535408401583696
1885,80217,13.615937232971191,-3.9226419925689697,-0.24498367309570312,13.07217025756836,14.796445043461663,12.43542942248072
1886,80227,13.538155555725098,-3.994962215423584,-0.6071329116821289,13.431086540222168,14.71866109413268,12.357650017317516
1887,80237,13.44589614868164,-4.091439247131348,-0.7562541961669922,13.431086540222168,14.626399358199723,12.265392939163558
1888,80247,13.332655906677246,-4.220419406890869,-0.7456026077270508,11.626670837402344,14.513156787301236,12.152155026053256
1889,80257,13.2217435836792,-4.350545406341553,-1.4912052154541016,11.626670837402344,14.402242192206963,12.041244975151436
1890,80267,13.081427574157715,-4.530079364776611,-1.864006519317627,10.090424537658691,14.261923853782307,11.900931294533123
1891,80277,12.9371976852417,-4.713961601257324,-1.9066123962402344,11.626670837402344,14.117691635958527,11.756703734524871
1892,80287,12.798625946044922,-4.886730670928955,-2.0983386039733887,11.626670837402344,13.979117624652185,11.618134267437659
1893,80297,12.702062606811523,-4.989802360534668,-2.1515965461730957,11.626670837402344,13.882551956501946,11.521573257121101
1894,80307,12.591327667236328,-5.114914417266846,-2.2474594116210938,11.626670837402344,13.771814688005312,11.410840646467344
1895,80317,12.440820693969727,-5.297390937805176,-1.7574920654296875,11.626670837402344,13.621305442615808,11.260335945323645
1896,80327,12.311430931091309,-5.4462809562683105,-2.0983386039733887,9.73095989227295,13.491913407610115,11.130948454572502
1897,80337,12.221209526062012,-5.521156311035156,-1.2675247192382812,11.626670837402344,13.401689673645821,11.040729378478202
1898,80347,12.116921424865723,-5.611130237579346,-0.6177854537963867,11.626670837402344,13.297399243509942,10.936443606221504
1899,80357,12.077289581298828,-5.600744247436523,-1.1929636001586914,11.626670837402344,13.257765127802433,10.896814034795224
1900,80367,11.97303295135498,-5.68354606628418,-0.03195476531982422,11.267630577087402,13.153506168909916,10.792559733800045
1901,80377,11.937346458435059,-5.657228946685791,-0.3621492385864258,13.431086540222168,13.11781734703673,10.756875569833387
1902,80387,11.903078079223633,-5.61631965637207,0.9160270690917969,15.235504150390625,13.083546695671352,10.722609462775914
1903,80397,11.808008193969727,-5.678220272064209,0.5432243347167969,11.626670837402344,12.988474481455105,10.627541906484348
1904,80407,11.754722595214844,-5.65826416015625,1.885310173034668,13.431086540222168,12.935186553733287,10.5742586366964
1905,80417,11.687945365905762,-5.665937423706055,1.3101301193237305,11.626670837402344,12.868406995452673,10.50748373635885
1906,80427,11.69989013671875,-5.536961078643799,2.258111000061035,13.69913387298584,12.880349437289535,10.519430836147965
1907,80437,11.69070053100586,-5.445115566253662,2.1089906692504883,13.431086540222168,12.871157502595924,10.510243559415795
1908,80447,11.724761962890625,-5.286428928375244,2.002474784851074,15.503487586975098,12.90521666229995,10.5443072634813
1909,80457,11.759391784667969,-5.116361618041992,3.248697280883789,15.235504150390625,12.939844155087496,10.578939414248442
1910,80467,11.814606666564941,-4.920080661773682,2.8332901000976562,15.503487586975098,12.995056707990074,10.63415662513981
1911,80477,11.89299201965332,-4.675506114959717,4.303193092346191,15.503487586975098,13.073439788884373,10.712544250422267
1912,80487,11.9502592086792,-4.464318752288818,4.697297096252441,17.307842254638672,13.13070464890678,10.769813768451618
1913,80497,12.044123649597168,-4.206228256225586,3.8132247924804688,17.039920806884766,13.224566760816682,10.863680538377654
1914,80507,12.137541770935059,-3.943300724029541,4.835765838623047,17.039920806884766,13.317982609947153,10.957100931922964
1915,80517,12.172072410583496,-3.772782564163208,5.442899703979492,15.503487586975098,13.352510977383798,10.991633843783195
1916,80527,12.21003532409668,-3.603419303894043,5.048794746398926,15.503487586975098,13.390471561875351,11.029599086318008
1917,80537,12.245525360107422,-3.4410183429718018,5.091401100158691,15.503487586975098,13.425959325665444,11.0650913945494
1918,80547,12.324593544006348,-3.199033498764038,6.273713111877441,15.503487586975098,13.505025237339344,11.14416185067335
1919,80557,12.417938232421875,-2.936361074447632,6.316319465637207,17.307842254638672,13.598367596719683,11.237508868124067
1920,80567,12.570258140563965,-2.580951452255249,6.444136619567871,18.844335556030273,13.750685232627891,11.389831048500039
1921,80577,12.662694931030273,-2.3247406482696533,6.838240623474121,17.307842254638672,13.843119750855944,11.482270111204603
1922,80587,12.750863075256348,-2.0776419639587402,7.1577863693237305,17.307842254638672,13.931285566033267,11.570440584479428
1923,80597,12.803228378295898,-1.8858174085617065,7.796874046325684,15.503487586975098,13.983648596825706,11.622808159766091
1924,80607,12.917969703674316,-1.5999070405960083,7.253649711608887,19.112197875976562,14.098387649952636,11.737551757395996
1925,80617,12.992528915405273,-1.3848702907562256,7.1684370040893555,17.307842254638672,14.17294453262128,11.812113298189267
1926,80627,13.063050270080566,-1.1782680749893188,7.32820987701416,17.307842254638672,14.24346361503623,11.882636925124903
1927,80637,13.097830772399902,-1.0361629724502563,7.189740180969238,15.503487586975098,14.278241845090847,11.917419699708958
1928,80647,13.152946472167969,-0.8619703054428101,7.32820987701416,15.503487586975098,14.333355272589822,11.972537671746116
1929,80657,13.22718620300293,-0.6542523503303528,7.775570869445801,17.307842254638672,14.407592731151317,12.046779674854543
1930,80667,13.318328857421875,-0.42527779936790466,7.381466865539551,17.039920806884766,14.49873311329242,12.13792460155133
1931,80677,13.404020309448242,-0.20661607384681702,7.466677665710449,17.307842254638672,14.584422293036575,12.22361832585991
1932,80687,13.441193580627441,-0.06649657338857651,7.871434211730957,15.503487586975098,14.621593291929184,12.260793869325699
1933,80697,13.494779586791992,0.09491286426782608,7.754267692565918,15.503487586975098,14.675177025802773,12.314382147781211
1934,80707,13.544410705566406,0.24778401851654053,7.583844184875488,15.503487586975098,14.724805872281848,12.364015538850964
1935,80717,13.55762767791748,0.33856838941574097,7.72231388092041,15.503487586975098,14.738020572333212,12.377234783501748
1936,80727,13.529976844787598,0.3547056019306183,7.147133827209473,11.89477825164795,14.710367466899244,12.349586222675951
1937,80737,13.521602630615234,0.3950209319591522,6.358925819396973,15.503487586975098,14.70199098041842,12.341214280812048
1938,80747,13.536894798278809,0.4710972309112549,6.241759300231934,15.503487586975098,14.717280932577035,12.356508663980582
1939,80757,13.573352813720703,0.572678804397583,5.485505104064941,13.69913387298584,14.75373667570183,12.392968951739576
1940,80767,13.608741760253906,0.6713213920593262,5.347036361694336,15.503487586975098,14.78912334991356,12.428360170594253
1941,80777,13.585509300231934,0.6702888607978821,5.038143157958984,13.69913387298584,14.765888674373938,12.405129926089929
1942,80787,13.562994003295898,0.6677106618881226,4.654690742492676,13.69913387298584,14.74337110510779,12.382616901484006
1943,80797,13.56123161315918,0.6988719701766968,4.835765838623047,13.69913387298584,14.741606442636584,12.380856783681775
1944,80807,13.575153350830078,0.7445312738418579,3.866482734680176,17.307842254638672,14.755525964777146,12.39478073688301
1945,80817,13.572840690612793,0.7628488540649414,3.759967803955078,13.69913387298584,14.753211089025365,12.39247029220022
1946,80827,13.551647186279297,0.7551211714744568,4.271237373352051,13.69913387298584,14.732015312344476,12.371279060214118
1947,80837,13.496468544006348,0.6855745315551758,3.536287307739258,12.253738403320312,14.676834454528608,12.316102633484087
1948,80847,13.519912719726562,0.7360175848007202,2.705472946166992,14.057969093322754,14.700276414701746,12.33954902475138
1949,80857,13.502950668334961,0.7270582914352417,3.4297714233398438,13.69913387298584,14.683312034140783,12.322589302529138
1950,80867,13.480656623840332,0.7116448879241943,3.5895442962646484,13.69913387298584,14.661015717281373,12.300297530399291
1951,80877,13.48099136352539,0.7257134318351746,2.8332901000976562,13.69913387298584,14.661348184597276,12.300634542453505
1952,80887,13.446906089782715,0.6865313649177551,3.152833938598633,12.253738403320312,14.627260638481069,12.266551541084361
1953,80897,13.428964614868164,0.6794244647026062,3.7173614501953125,13.69913387298584,14.609316891188612,12.248612338547716
1954,80907,13.376971244812012,0.6182039976119995,3.791921615600586,12.253738403320312,14.557321248750181,12.196621240873842
1955,80917,13.341384887695312,0.5860306024551392,3.8984365463256836,11.89477825164795,14.521732619246826,12.161037156143799
1956,80927,13.345845222473145,0.6184276342391968,3.781270980834961,13.69913387298584,14.526190738443459,12.16549970650283
1957,80937,13.349613189697266,0.6474882960319519,3.6534528732299805,13.69913387298584,14.529956433272286,12.169269946122245
1958,80947,13.321891784667969,0.6239659786224365,3.6108474731445312,14.057969093322754,14.50223275584332,12.141550813492618
1959,80957,13.308228492736816,0.6270573735237122,3.9197397232055664,11.89477825164795,14.488567248318276,12.127889737155357
1960,80967,13.29415225982666,0.631572425365448,4.143420219421387,13.69913387298584,14.47448874299981,12.11381577665351
1961,80977,13.299715995788574,0.6676287651062012,4.058208465576172,13.69913387298584,14.48005020654904,12.119381785028109
1962,80987,13.344664573669434,0.7639818787574768,3.7173614501953125,15.503487586975098,14.524996568823319,12.164332578515548
1963,80997,13.256967544555664,0.6425050497055054,3.6534528732299805,12.253738403320312,14.437297324098811,12.076637765012517
1964,81007,13.271445274353027,0.693815290927887,4.292540550231934,14.057969093322754,14.451772781470583,12.091117767235472
1965,81017,13.278353691101074,0.7347181439399719,4.462964057922363,13.69913387298584,14.458678982599466,12.098028399602683
1966,81027,13.27001953125,0.7450683116912842,3.8984365463256836,14.057969093322754,14.45034255031416,12.08969651218584
1967,81037,13.297444343566895,0.8010619282722473,2.6628665924072266,13.69913387298584,14.477765090192447,12.117123596941342
1968,81047,13.308297157287598,0.8306971192359924,2.9291534423828125,14.057969093322754,14.48861563147017,12.127978683105026
1969,81057,13.279775619506836,0.7855392098426819,1.7255373001098633,14.057969093322754,14.46009182124205,12.099459417771621
1970,81067,13.255475997924805,0.7398675084114075,1.1929645538330078,12.253738403320312,14.435789984019634,12.075162011829976
1971,81077,13.173151969909668,0.6040394306182861,1.3207817077636719,10.363591194152832,14.353463797171404,11.992840142647932
1972,81087,13.07194995880127,0.4255127012729645,-0.010651588439941406,10.363591194152832,14.252259570414408,11.891640347188131
1973,81097,13.03160572052002,0.35255903005599976,0.27693843841552734,12.253738403320312,14.211913116480401,11.851298324559638
1974,81107,12.988924980163574,0.262757807970047,-1.1397066116333008,12.253738403320312,14.169230217278809,11.80861974304834
1975,81117,12.890287399291992,0.09284569323062897,-0.1917257308959961,10.363591194152832,14.070590477558131,11.709984321025853
1976,81127,12.832306861877441,-0.021559402346611023,-1.5764169692993164,12.253738403320312,14.012607781290535,11.652005942464347
1977,81137,12.77224063873291,-0.13409574329853058,-1.1290550231933594,11.89477825164795,13.95253934247693,11.59194193498889
1978,81147,12.696718215942383,-0.2730627954006195,-1.4699020385742188,10.363591194152832,13.87701470401317,11.516421727871595
1979,81157,12.543754577636719,-0.5427276492118835,-2.2794137001037598,10.363591194152832,13.724048850030115,11.363460305243322
1980,81167,12.447580337524414,-0.7190964221954346,-2.556351661682129,10.363591194152832,13.62787239423626,11.267288280812569
1981,81177,12.279045104980469,-1.008466124534607,-2.5670032501220703,6.755127906799316,13.459334946006603,11.098755263954335
1982,81187,12.190598487854004,-1.1666433811187744,-2.620260238647461,10.363591194152832,13.370886170002882,11.010310805705126
1983,81197,12.099602699279785,-1.3319101333618164,-3.2913031578063965,10.363591194152832,13.279888108922021,10.919317289637549
1984,81207,11.955337524414062,-1.5825742483139038,-3.4404234886169434,8.559359550476074,13.13562071835811,10.775054330470015
1985,81217,11.852527618408203,-1.7611278295516968,-3.4404234886169434,10.363591194152832,13.032808653462835,10.672246583353571
1986,81227,11.750242233276367,-1.9357985258102417,-3.36586332321167,10.363591194152832,12.930521109437635,10.5699633571151
1987,81237,11.630437850952148,-2.1356873512268066,-3.301954746246338,10.363591194152832,12.810714511402962,10.450161190501335
1988,81247,11.532553672790527,-2.296710252761841,-3.3339085578918457,8.559359550476074,12.712828174339975,10.35227917124108
1989,81257,11.416173934936523,-2.4887282848358154,-3.7173614501953125,10.363591194152832,12.596446220767305,10.235901649105742
1990,81267,11.340819358825684,-2.6129441261291504,-3.887784957885742,8.559359550476074,12.521089485747098,10.16054923190427
1991,81277,11.22841739654541,-2.7975447177886963,-4.090163230895996,8.559359550476074,12.408685364553506,10.048149428537315
1992,81287,11.136902809143066,-2.947556257247925,-4.303192615509033,10.090424537658691,12.317168561420232,9.956637056865901
1993,81297,11.027732849121094,-3.127094030380249,-4.6759934425354,8.559359550476074,12.207996385663169,9.847469312579019
1994,81307,10.916516304016113,-3.3065054416656494,-4.62273645401001,10.363591194152832,12.096777624818937,9.73625498321329
1995,81317,10.791743278503418,-3.5026321411132812,-4.335146427154541,6.755127906799316,11.972002383562831,9.611484173444005
1996,81327,10.647981643676758,-3.72664213180542,-4.345798015594482,8.559359550476074,11.828238589802693,9.467724697550823
1997,81337,10.543066024780273,-3.8853378295898438,-4.516221523284912,10.363591194152832,11.723320755154585,9.362811294405962
1998,81347,10.423653602600098,-4.0651021003723145,-4.4629645347595215,10.363591194152832,11.60390606040432,9.243401144795875
1999,81357,10.289966583251953,-4.265204906463623,-4.484267711639404,6.755127906799316,11.470216825296127,9.109716341207779
2000,81367,10.194079399108887,-4.402136325836182,-4.644039630889893,10.363591194152832,11.37432742538885,9.013831372828923
2001,81377,10.064454078674316,-4.592339038848877,-4.697296619415283,8.559359550476074,11.244699889185911,8.884208268162721
2002,81387,9.934248924255371,-4.781280040740967,-4.7931599617004395,6.755127906799316,11.11449257580917,8.754005272701573
2003,81397,9.824623107910156,-4.93363094329834,-4.771856784820557,8.559359550476074,11.004864543687372,8.64438167213294
2004,81407,9.698772430419922,-5.1108269691467285,-4.8570685386657715,8.559359550476074,10.879011650416395,8.518533210423449
2005,81417,9.581860542297363,-5.270431995391846,-4.846417427062988,7.114414691925049,10.762097603323985,8.401623481270741
2006,81427,9.486298561096191,-5.3916096687316895,-4.761205196380615,8.918522834777832,10.666533406333858,8.306063715858524
2007,81437,9.386889457702637,-5.51840877532959,-4.878371238708496,6.755127906799316,10.567122087147187,8.206656828258087
2008,81447,9.268360137939453,-5.673244476318359,-4.771856784820557,8.559359550476074,10.448590608402096,8.08812966747681
2009,81457,9.156872749328613,-5.815080165863037,-4.846417427062988,7.114414691925049,10.337101060805399,7.976644437851829
2010,81467,9.062917709350586,-5.9250569343566895,-4.729250907897949,8.559359550476074,10.243143861837563,7.882691556863609
2011,81477,8.989984512329102,-5.998422145843506,-4.686645030975342,8.559359550476074,10.170208505822321,7.809760518835882
2012,81487,8.880443572998047,-6.123427867889404,-4.036905765533447,6.755127906799316,10.060665350677779,7.700221795318315
2013,81497,8.798129081726074,-6.194003105163574,-3.1421828269958496,8.559359550476074,9.978348700404046,7.617909463048102
2014,81507,8.731157302856445,-6.227406024932861,-1.981173038482666,8.559359550476074,9.911374705712715,7.550939900000175
2015,81517,8.685208320617676,-6.216551303863525,-1.1929636001586914,10.363591194152832,9.865423507648083,7.504993133587268
2016,81527,8.664825439453125,-6.149754524230957,0.3621501922607422,10.363591194152832,9.845038467469717,7.484612411436533
2017,81537,8.723333358764648,-5.94284725189209,1.7042341232299805,14.057969093322754,9.903544227763474,7.543122489765823
2018,81547,8.73990249633789,-5.79823112487793,2.705472946166992,12.253738403320312,9.920111206315001,7.55969378636078
2019,81557,8.815852165222168,-5.542429447174072,4.324494361877441,14.057969093322754,9.996058716173614,7.6356456142707225
2020,81567,8.872721672058105,-5.316782474517822,4.899674415588379,12.526739120483398,10.052926063979935,7.692517280136275
2021,81577,8.965435981750488,-5.027592182159424,5.783746719360352,15.862200736999512,10.145638214638755,7.785233748862222
2022,81587,9.084799766540527,-4.703019142150879,5.474853515625,15.862200736999512,10.264999897208106,7.904599635872947
2023,81597,9.245709419250488,-4.305210113525391,6.625212669372559,16.13495445251465,10.42590739087671,8.065511447624267
2024,81607,9.343147277832031,-4.009614944458008,7.306906700134277,14.33084774017334,10.523343090412942,8.16295146525112
2025,81617,9.421161651611328,-3.753859758377075,6.934103965759277,12.526739120483398,10.60135530514298,8.240967998079677
2026,81627,9.561397552490234,-3.401151657104492,6.966059684753418,14.33084774017334,10.741589046968677,8.381206058011792
2027,81637,9.75610637664795,-2.957125425338745,7.850131034851074,17.666431427001953,10.936295712069233,8.575917041226665
2028,81647,9.9097261428833,-2.579676628112793,8.553128242492676,16.13495445251465,11.089913319243475,8.729538966523126
2029,81657,10.023786544799805,-2.274320363998413,8.34009838104248,14.057969093322754,11.203971562094921,8.843601527504688
2030,81667,10.194613456726074,-1.8757902383804321,8.95788288116455,17.666431427001953,11.374796371769838,9.01443054168231
2031,81677,10.341840744018555,-1.5201525688171387,9.085701942443848,14.057969093322754,11.522021499989464,9.161659988047646
2032,81687,10.506057739257812,-1.1384084224700928,9.607623100280762,17.939064025878906,11.686236336151918,9.325879142363707
2033,81697,10.7156343460083,-0.6913831233978271,9.341336250305176,16.13495445251465,11.895810840639617,9.535457851376984
2034,81707,10.885503768920898,-0.31350386142730713,9.596970558166504,17.939064025878906,12.065678161285682,9.705329376556115
2035,81717,11.005716323852539,-0.033157870173454285,8.457262992858887,15.862200736999512,12.185888557128877,9.825544090576201
2036,81727,11.20911693572998,0.3732505738735199,8.08446216583252,17.939064025878906,12.389287009913922,10.02894686154604
2037,81737,11.427204132080078,0.7965106964111328,7.89273738861084,19.83445167541504,12.607372047167672,10.247036216992484
2038,81747,11.583001136779785,1.1132162809371948,8.105765342712402,17.666431427001953,12.763166949585564,10.402835323974006
2039,81757,11.717691421508789,1.369903802871704,6.263062477111816,15.862200736999512,12.897855075210424,10.537527767807154
2040,81767,11.830422401428223,1.5784809589385986,4.899674415588379,16.13495445251465,13.010583896021766,10.65026090683468
2041,81777,11.889875411987305,1.6989096403121948,5.357686996459961,14.33084774017334,13.070034804287594,10.709716019687015
2042,81787,11.938060760498047,1.7822972536087036,3.664104461669922,14.33084774017334,13.118217993682448,10.757903527313646
2043,81797,11.936614990234375,1.7891407012939453,4.1753740310668945,12.526739120483398,13.11677012111793,10.75645985935082
2044,81807,11.951512336730957,1.807532787322998,2.673518180847168,12.526739120483398,13.131665308490827,10.771359364971087
2045,81817,11.927830696105957,1.7638746500015259,2.6628665924072266,12.526739120483398,13.107981508738192,10.747679883473722
2046,81827,11.904390335083008,1.7026673555374146,0.7029972076416016,12.526739120483398,13.08453904540296,10.724241624763055
2047,81837,11.822722434997559,1.5444027185440063,0.5219211578369141,10.722631454467773,13.002869043001484,10.642575826993633
2048,81847,11.761185646057129,1.415230631828308,-0.15977191925048828,10.722631454467773,12.941329981282758,10.5810413108315
2049,81857,11.661121368408203,1.2214527130126953,-0.5858306884765625,8.918522834777832,12.841263487670778,10.480979249145628
2050,81867,11.605408668518066,1.10524320602417,-0.08521175384521484,10.722631454467773,12.785548571813427,10.425268765222706
2051,81877,11.527434349060059,0.9525620937347412,-0.6710424423217773,10.722631454467773,12.707572036384043,10.347296661736074
2052,81887,11.469554901123047,0.8352723121643066,-0.4260587692260742,10.363591194152832,12.649690429291432,10.289419372954661
2053,81897,11.454485893249512,0.7860592603683472,-0.7882089614868164,12.526739120483398,12.634619205438307,10.274352581060716
2054,81907,11.39350414276123,0.6651408672332764,-0.6177854537963867,10.722631454467773,12.573635295786422,10.213372989736039
2055,81917,11.33327579498291,0.5432155132293701,-0.9905862808227539,10.722631454467773,12.513404788840548,10.153146801125272
2056,81927,11.300586700439453,0.4756067097187042,-0.23433208465576172,10.722631454467773,12.480713535125586,10.12045986575332
2057,81937,11.265414237976074,0.398857444524765,-0.8201627731323242,10.722631454467773,12.445538913486752,10.085289562465396
2058,81947,11.210517883300781,0.2941538691520691,-0.5751791000366211,10.722631454467773,12.390640399632055,10.030395366969508
2059,81957,11.159278869628906,0.20169150829315186,-0.08521175384521484,10.722631454467773,12.339399226776823,9.97915851248099
2060,81967,11.145108222961426,0.1650422215461731,-0.6816940307617188,10.722631454467773,12.325226477742806,9.964989968180046
2061,81977,11.114736557006836,0.1039506196975708,-0.5219221115112305,10.722631454467773,12.294852652597063,9.934620461416609
2062,81987,11.06561279296875,0.016050085425376892,-0.29824161529541016,10.722631454467773,12.245726786184848,9.885498799752652
2063,81997,10.994248390197754,-0.10257614403963089,0.07456016540527344,8.918522834777832,12.174360224214901,9.814136556180607
2064,82007,10.966089248657227,-0.15672710537910461,-0.6603908538818359,10.722631454467773,12.146198923471474,9.78597957384298
2065,82017,10.922107696533203,-0.22703608870506287,0.2130289077758789,11.082001686096191,12.102215268961881,9.742000124104525
2066,82027,10.817581176757812,-0.3909207582473755,0.5325736999511719,7.114414691925049,11.997686646797177,9.637475706718448
2067,82037,10.77315902709961,-0.4580978751182556,0.2236804962158203,10.722631454467773,11.95326233792443,9.593055716274788
2068,82047,10.72957706451416,-0.5076659321784973,1.746840476989746,10.722631454467773,11.909678272942076,9.549475856086245
2069,82057,10.70315170288086,-0.5351523756980896,1.1184043884277344,8.918522834777832,11.883250752086433,9.523052653675286
2070,82067,10.660160064697266,-0.578631579875946,2.140944480895996,10.722631454467773,11.840257011498341,9.48006311789619
2071,82077,10.712855339050293,-0.47342586517333984,1.4592504501342773,12.526739120483398,11.892950183443125,9.532760494657461
2072,82087,10.690201759338379,-0.4859236776828766,2.013127326965332,10.722631454467773,11.870294501319222,9.510109017357536
2073,82097,10.703596115112305,-0.44275981187820435,1.8000974655151367,12.526739120483398,11.883686697855314,9.523505532369295
2074,82107,10.697851181030273,-0.4253878593444824,2.300717353820801,10.722631454467773,11.8779396045315,9.517762757529047
2075,82117,10.711605072021484,-0.37930184602737427,2.1196413040161133,12.526739120483398,11.891691336276976,9.531518807765993
2076,82127,10.733000755310059,-0.31584689021110535,2.6202611923217773,11.082001686096191,11.913084917138274,9.552916593481843
2077,82137,10.711227416992188,-0.33001625537872314,2.0557336807250977,10.722631454467773,11.891309476389383,9.531145357594992
2078,82147,10.687219619750977,-0.3377907872200012,2.9611072540283203,10.722631454467773,11.867299576713405,9.507139662788548
2079,82157,10.686829566955566,-0.3172174394130707,2.0557336807250977,12.88604736328125,11.866907421479484,9.50675171243165
2080,82167,10.670376777648926,-0.31382104754447937,2.9504566192626953,11.082001686096191,11.850452529730585,9.490301025567266
2081,82177,10.651580810546875,-0.3263217806816101,1.7148866653442383,11.082001686096191,11.831654517005445,9.471507104088305
2082,82187,10.613138198852539,-0.368070125579834,1.885310173034668,8.918522834777832,11.79320980286146,9.433066594843618
2083,82197,10.610922813415527,-0.36185315251350403,0.8308143615722656,10.722631454467773,11.790992258147938,9.430853368683117
2084,82207,10.573403358459473,-0.41130152344703674,0.8840713500976562,10.722631454467773,11.753470700734642,9.393336016184303
2085,82217,10.516520500183105,-0.4965176582336426,0.46866416931152344,10.722631454467773,11.696585739997289,9.336455260368922
2086,82227,10.464365005493164,-0.5730751752853394,0.3728008270263672,9.186677932739258,11.644428199666034,9.284301811320294
2087,82237,10.429481506347656,-0.6196427345275879,0.5006189346313477,8.918522834777832,11.60954259805215,9.249420414643163
2088,82247,10.39804458618164,-0.6727441549301147,-0.8308143615722656,9.186677932739258,11.57810357541401,9.217985596949271
2089,82257,10.324995040893555,-0.7930598855018616,-0.8627691268920898,8.918522834777832,11.505051984473777,9.144938097313332
2090,82267,10.292311668395996,-0.847726583480835,-1.1077518463134766,10.722631454467773,11.472366509496705,9.112256827295287
2091,82277,10.236246109008789,-0.9460958242416382,-1.682931900024414,10.722631454467773,11.416298847626237,9.056193370391341
2092,82287,10.146482467651367,-1.101523518562317,-2.162247657775879,7.114414691925049,11.32653310378181,8.966431831520925
2093,82297,10.017965316772461,-1.3181850910186768,-2.2474594116210938,7.114414691925049,11.198013793588025,8.837916839956897
2094,82307,9.934438705444336,-1.4621851444244385,-2.6309118270874023,7.38800048828125,11.114485079765302,8.75439233112337
2095,82317,9.832117080688477,-1.635887861251831,-2.7800331115722656,7.38800048828125,11.012161352511097,8.652072808865857
2096,82327,9.728461265563965,-1.8103803396224976,-2.854593276977539,7.114414691925049,10.908503434884494,8.548419096243435
2097,82337,9.646471977233887,-1.9469736814498901,-2.9078502655029297,7.114414691925049,10.82651204404858,8.466431910419194
2098,82347,9.58879280090332,-2.044001579284668,-3.099576473236084,8.918522834777832,10.76883076520843,8.408754836598211
2099,82357,9.510923385620117,-2.1753602027893066,-3.4404234886169434,9.186677932739258,10.690959304236632,8.330887467003603
2100,82367,9.395089149475098,-2.369978427886963,-3.7493162155151367,7.38800048828125,10.575122965574637,8.215055333375558
2101,82377,9.282958984375,-2.5584444999694824,-4.1008148193359375,5.315675735473633,10.46299069795382,8.10292727079618
2102,82387,9.170660018920898,-2.7452948093414307,-4.228631973266602,7.38800048828125,10.350689629975252,7.990630407866545
2103,82397,9.038070678710938,-2.9620308876037598,-4.217980861663818,5.583953857421875,10.218098187237079,7.858043170184797
2104,82407,8.887566566467285,-3.2048251628875732,-4.313843727111816,7.114414691925049,10.067591972461466,7.707541160473104
2105,82417,8.785426139831543,-3.3632285594940186,-4.068860054016113,7.38800048828125,9.965449500115358,7.6054027795477275
2106,82427,8.701248168945312,-3.4893152713775635,-3.99429988861084,7.38800048828125,9.881269483515215,7.521226854375411
2107,82437,8.619505882263184,-3.607395648956299,-3.8025732040405273,7.114414691925049,9.799525207941159,7.439486556585209
2108,82447,8.499062538146973,-3.783832550048828,-3.546938419342041,5.583953857421875,9.679079761278409,7.319045315015536
2109,82457,8.380772590637207,-3.952798843383789,-3.4404234886169434,7.38800048828125,9.560787711218358,7.200757470056056
2110,82467,8.322919845581055,-4.018621444702148,-3.1741366386413574,9.186677932739258,9.502932920434008,7.142906770728102
2111,82477,8.26630687713623,-4.075111389160156,-2.5457000732421875,9.186677932739258,9.446317849431507,7.086295904840954
2112,82487,8.191884994506836,-4.151876449584961,-1.7894468307495117,7.38800048828125,9.371893921066723,7.0118760679469485
2113,82497,8.142027854919434,-4.183353424072266,-1.3314332962036133,9.186677932739258,9.322034678914253,6.962021030924615
2114,82507,8.10972785949707,-4.178402900695801,-0.5858306884765625,9.186677932739258,9.289732580923074,6.929723138071066
2115,82517,8.160876274108887,-4.028837203979492,0.3621501922607422,10.722631454467773,9.340878949788664,6.980873598429109
2116,82527,8.228151321411133,-3.846329927444458,1.3207817077636719,12.88604736328125,9.408151951341138,7.048150691481128
2117,82537,8.294113159179688,-3.6625559329986572,1.9385671615600586,12.88604736328125,9.474111743356373,7.114114575003002
2118,82547,8.379959106445312,-3.4337193965911865,3.546937942504883,14.690093994140625,9.559955588038502,7.199962624852124
2119,82557,8.50454330444336,-3.143934488296509,3.6214981079101562,14.690093994140625,9.684537683449305,7.324548925437414
2120,82567,8.588720321655273,-2.9193272590637207,4.303193092346191,12.88604736328125,9.768712654897062,7.408727988413485
2121,82577,8.691606521606445,-2.656018018722534,5.389641761779785,14.690093994140625,9.871596809080529,7.511616234132361
2122,82587,8.778526306152344,-2.4163568019866943,6.0606842041015625,14.690093994140625,9.958514547855177,7.59853806444951
2123,82597,8.977898597717285,-1.991288661956787,6.753029823303223,16.494140625,10.157884850472447,7.797912344962123
2124,82607,9.136836051940918,-1.633608102798462,7.242997169494629,16.494140625,10.31682020209061,7.956851901791225
2125,82617,9.29797649383545,-1.2751591205596924,7.49863338470459,14.690093994140625,10.477958598203251,8.117994389467647
2126,82627,9.414382934570312,-0.9979898929595947,7.2856035232543945,14.690093994140625,10.594362993152677,8.234402875987948
2127,82637,9.489542961120605,-0.7926914691925049,7.274950981140137,14.690093994140625,10.669520917086462,8.309565005154749
2128,82647,9.608302116394043,-0.524267315864563,6.848893165588379,14.690093994140625,10.78827802656727,8.428326206220817
2129,82657,9.663675308227539,-0.35907667875289917,7.232346534729004,12.88604736328125,10.84364917260459,8.483701443850489
2130,82667,9.781102180480957,-0.09623636305332184,7.221693992614746,14.690093994140625,10.961073999058282,8.601130361903632
2131,82677,9.87341022491455,0.12127941846847534,7.136483192443848,14.690093994140625,11.053379997688605,8.693440452140496
2132,82687,9.926594734191895,0.2730376720428467,7.1684370040893555,12.88604736328125,11.10656246115913,8.746627007224658
2133,82697,9.963276863098145,0.39209049940109253,6.742377281188965,11.082001686096191,11.143242544255017,8.783311181941272
2134,82707,9.996077537536621,0.499671995639801,6.412182807922363,12.88604736328125,11.17604117287958,8.816113902193662
2135,82717,9.99722957611084,0.5456320643424988,5.517459869384766,9.186677932739258,11.177191222464652,8.817267929757028
2136,82727,10.038029670715332,0.6499159932136536,4.984886169433594,11.082001686096191,11.217989271248236,8.858070070182428
2137,82737,10.051685333251953,0.7019672989845276,4.377753257751465,11.082001686096191,11.231642887960403,8.871727778543503
2138,82747,10.050090789794922,0.7180328965187073,3.238046646118164,11.082001686096191,11.230046355503973,8.870135224085871
2139,82757,10.012331008911133,0.6627274751663208,2.1942014694213867,9.551129341125488,11.192284528788734,8.832377489033531
2140,82767,9.991440773010254,0.6317313313484192,1.8533544540405273,7.38800048828125,11.171392303881657,8.811489242138851
2141,82777,9.935502052307129,0.5369246602058411,0.7988605499267578,7.38800048828125,11.115451594168979,8.755552510445279
2142,82787,9.899468421936035,0.4633100628852844,-0.24498367309570312,9.551129341125488,11.079415974784979,8.719520869087091
2143,82797,9.860062599182129,0.38675040006637573,-0.03195476531982422,9.551129341125488,11.040008163014816,8.680117035349442
2144,82807,9.80199909210205,0.2671646475791931,-1.5551137924194336,7.38800048828125,10.981942666915126,8.622055517288976
2145,82817,9.77142333984375,0.19595429301261902,-1.352736473083496,9.551129341125488,10.951364925633863,8.591481754053637
2146,82827,9.701828956604004,0.05434742569923401,-2.2048535346984863,7.747206211090088,10.881768496538427,8.52188941666958
2147,82837,9.64459228515625,-0.06784423440694809,-2.3646254539489746,9.186677932739258,10.824529779231437,8.464654791081063
2148,82847,9.591752052307129,-0.1821279525756836,-2.7267751693725586,9.186677932739258,10.771687500519532,8.411816604094726
2149,82857,9.519439697265625,-0.3256043791770935,-2.5776548385620117,9.186677932739258,10.699373099611696,8.339506294919554
2150,82867,9.445230484008789,-0.47010156512260437,-2.6309118270874023,7.38800048828125,10.625161897314749,8.265299070702829
2151,82877,9.379548072814941,-0.6014809012413025,-2.918501853942871,7.747206211090088,10.559477440247575,8.199618705382308
2152,82887,9.290826797485352,-0.7666372656822205,-2.7374267578125,7.747206211090088,10.47075411904111,8.110899475929592
2153,82897,9.262649536132812,-0.8301683664321899,-2.609609603881836,9.551129341125488,10.44257481180815,8.082724260457475
2154,82907,9.190751075744629,-0.9588319659233093,-2.1835503578186035,9.186677932739258,10.370674305535998,8.01082784595326
2155,82917,9.147622108459473,-1.0411604642868042,-2.4498372077941895,9.551129341125488,10.327543292363325,7.967700924555621
2156,82927,9.078344345092773,-1.163400411605835,-2.3326711654663086,7.38800048828125,10.258263483105562,7.898425207079986
2157,82937,9.017643928527832,-1.2741328477859497,-2.790684223175049,7.747206211090088,10.197561020646008,7.837726836409655
2158,82947,8.954001426696777,-1.38559889793396,-2.4817914962768555,7.747206211090088,10.133916472916795,7.77408638047676
2159,82957,8.953510284423828,-1.3956024646759033,-2.7374267578125,9.551129341125488,10.13342328474214,7.7735972841055165
2160,82967,8.87072467803955,-1.5318405628204346,-2.0557332038879395,9.551129341125488,10.050635689283357,7.690813666795743
2161,82977,8.813140869140625,-1.6287003755569458,-2.428534507751465,7.747206211090088,9.993049777644881,7.633231960636368
2162,82987,8.778441429138184,-1.6886247396469116,-2.673518180847168,9.551129341125488,9.958348234899143,7.598534623377224
2163,82997,8.7184476852417,-1.7778880596160889,-1.5764169692993164,7.38800048828125,9.898352445086664,7.538542925396735
2164,83007,8.675782203674316,-1.8405981063842773,-1.7894468307495117,7.38800048828125,9.855684917599739,7.495879489748895
2165,83017,8.673137664794922,-1.829005479812622,-1.0012378692626953,11.082001686096191,9.853038389628498,7.493236939961346
2166,83027,8.693679809570312,-1.7679862976074219,0.23433208465576172,9.551129341125488,9.87357854530869,7.513781073831934
2167,83037,8.697915077209473,-1.7358485460281372,0.0,9.551129341125488,9.877811767017864,7.518018387401082
2168,83047,8.695639610290527,-1.697820782661438,1.7574920654296875,9.551129341125488,9.875534254165382,7.515744966415673
2169,83057,8.684253692626953,-1.6799383163452148,1.2142677307128906,9.551129341125488,9.864146290564724,7.504361094689182
2170,83067,8.708871841430664,-1.5898078680038452,2.8119869232177734,11.34968376159668,9.888762393427804,7.528981289433524
2171,83077,8.753644943237305,-1.4630398750305176,3.0782737731933594,11.34968376159668,9.933533449290266,7.573756437184343
2172,83087,8.81354808807373,-1.3146939277648926,3.1954402923583984,11.34968376159668,9.993434548178966,7.633661627968495
2173,83097,8.876816749572754,-1.1565806865692139,3.951693534851074,11.34968376159668,10.056701220558743,7.6969322785867655
2174,83107,8.913839340209961,-1.0385825634002686,4.313843727111816,11.082001686096191,10.093721765241227,7.7339569151786955
2175,83117,8.91832160949707,-0.9692984819412231,4.857068061828613,11.34968376159668,10.098202045402287,7.738441173591854
2176,83127,8.980817794799805,-0.7957170605659485,6.1245927810668945,13.153607368469238,10.160696184743301,7.800939404856308
2177,83137,8.998038291931152,-0.6905190944671631,6.806286811828613,11.082001686096191,10.17791463590938,7.818161947952924
2178,83147,9.006176948547363,-0.5941060781478882,7.626450538635254,11.34968376159668,10.18605130338929,7.826302593705436
2179,83157,9.034197807312012,-0.4562923014163971,8.617035865783691,13.153607368469238,10.214070173014285,7.854325441609739
2180,83167,9.079904556274414,-0.28960829973220825,8.989836692810059,9.551129341125488,10.259774932833679,7.900034179715149
2181,83177,9.089407920837402,-0.17983311414718628,9.447850227355957,11.34968376159668,10.269276251417503,7.909539590257301
2182,83187,9.096794128417969,-0.08219337463378906,8.691596031188965,11.34968376159668,10.276660413015358,7.916927843820579
2183,83197,9.107726097106934,0.01816379465162754,8.542475700378418,11.34968376159668,10.287590392551063,7.927861801662804
2184,83207,9.13945198059082,0.15703701972961426,9.224169731140137,9.551129341125488,10.31931423004524,7.9595897311364
2185,83217,9.129353523254395,0.22633323073387146,9.256123542785645,7.747206211090088,10.309213783548753,7.949493262960037
2186,83227,9.12314224243164,0.29572340846061707,8.744854927062988,9.551129341125488,10.303000456729292,7.94328402813399
2187,83237,9.117820739746094,0.3686656355857849,9.07504940032959,9.551129341125488,10.297676964876878,7.937964514615309
2188,83247,9.094231605529785,0.4139222204685211,9.373290061950684,7.747206211090088,10.27408584149035,7.91437736956922
2189,83257,9.068961143493652,0.44941237568855286,8.73420238494873,7.747206211090088,10.248813333447064,7.88910895354024
2190,83267,9.066807746887207,0.5165552496910095,8.201628684997559,9.551129341125488,10.246657947663596,7.886957546110818
2191,83277,9.065360069274902,0.5810742378234863,7.935341835021973,9.551129341125488,10.24520822403714,7.885511914512663
2192,83287,9.060760498046875,0.6375063061714172,7.764918327331543,9.551129341125488,10.240606663625288,7.880914332468462
2193,83297,9.061590194702148,0.6965254545211792,7.221693992614746,7.747206211090088,10.241434314259413,7.881746075144884
2194,83307,9.042872428894043,0.7141464948654175,6.33762264251709,7.747206211090088,10.222714502426612,7.863030355361475
2195,83317,9.06321907043457,0.7967779040336609,6.571953773498535,9.551129341125488,10.24305915477306,7.883378986096081
2196,83327,9.025289535522461,0.7759376764297485,5.741140365600586,7.747206211090088,10.205127630663519,7.845451440381403
2197,83337,8.98541259765625,0.7415629029273987,4.665342330932617,7.747206211090088,10.165248703596522,7.8055764917159784
2198,83347,8.985681533813477,0.764915943145752,3.8558311462402344,7.747206211090088,10.165515650549608,7.805847417077345
2199,83357,8.910577774047852,0.6533642411231995,2.652215003967285,7.747206211090088,10.09040990157649,7.730745646519214
2200,83367,8.875992774963379,0.6138129234313965,3.13153076171875,7.747206211090088,10.055822856446524,7.696162693480234
2201,83377,8.822942733764648,0.5390503406524658,2.428534507751465,5.943282604217529,10.002770769198753,7.643114698330544
2202,83387,8.747899055480957,0.4226261377334595,1.832052230834961,7.747206211090088,9.927725101697314,7.5680730092646
2203,83397,8.670303344726562,0.3074811100959778,1.9172639846801758,5.943282604217529,9.850127401721819,7.490479287731307
2204,83407,8.636150360107422,0.2620483338832855,1.8533544540405273,7.747206211090088,9.815972427878222,7.456328292336621
2205,83417,8.590137481689453,0.19141675531864166,1.3953418731689453,8.015100479125977,9.769957560232445,7.410317403146461
2206,83427,8.524871826171875,0.09385193884372711,1.5125083923339844,8.015100479125977,9.704689915483705,7.345053736860045
2207,83437,8.418721199035645,-0.06336338818073273,2.3965797424316406,5.943282604217529,9.598537355948276,7.2389050421230134
2208,83447,8.311481475830078,-0.229979008436203,1.2036151885986328,5.943282604217529,9.491295643504936,7.1316673081552215
2209,83457,8.229029655456543,-0.3452964127063751,1.6509771347045898,5.943282604217529,9.408841890725778,7.049217420187308
2210,83467,8.186393737792969,-0.39106565713882446,2.5670032501220703,7.747206211090088,9.366203983817817,7.0065834917681205
2211,83477,8.141712188720703,-0.45287084579467773,0.8840713500976562,7.747206211090088,9.321520388662112,6.961903988779294
2212,83487,8.062505722045898,-0.5611847043037415,1.3420848846435547,5.943282604217529,9.242311932736117,6.88269951135568
2213,83497,8.007701873779297,-0.6323298215866089,1.5444622039794922,6.216668128967285,9.187506095214971,6.827897652343624
2214,83507,7.966334342956543,-0.6881681680679321,0.3621501922607422,5.943282604217529,9.146136631970304,6.786532053942782
2215,83517,7.886622905731201,-0.7939022183418274,1.5125083923339844,5.943282604217529,9.066423205483805,6.706822605978598
2216,83527,7.8485107421875,-0.8332686424255371,1.3633880615234375,5.943282604217529,9.028309052675592,6.668712431699408
2217,83537,7.794026851654053,-0.9025551080703735,0.9586315155029297,8.015100479125977,8.97382317287428,6.614230530433826
2218,83547,7.718598365783691,-1.0049859285354614,0.8734207153320312,5.943282604217529,8.89839264089633,6.538804090671054
2219,83557,7.667557716369629,-1.061455249786377,1.384690284729004,5.943282604217529,8.847350002207598,6.4877654305316605
2220,83567,7.617581367492676,-1.118296504020691,1.1823129653930664,5.943282604217529,8.797371664052621,6.437791070932731
2221,83577,7.548583030700684,-1.2096302509307861,0.6177845001220703,6.216668128967285,8.728371394815907,6.368794666585459
2222,83587,7.457990646362305,-1.3255798816680908,1.5551137924194336,5.943282604217529,8.637777078029643,6.278204214694966
2223,83597,7.428327560424805,-1.3533310890197754,0.3834524154663086,5.943282604217529,8.608112002804248,6.248543118045361
2224,83607,7.398419380187988,-1.3864597082138062,-0.26628589630126953,7.747206211090088,8.578201833276184,6.2186369270997925
2225,83617,7.313754558563232,-1.498835563659668,0.6923446655273438,5.943282604217529,8.493535022356825,6.13397409476964
2226,83627,7.286063194274902,-1.5321457386016846,-0.7988595962524414,7.747206211090088,8.465841725607667,6.106284662942136
2227,83637,7.220681190490723,-1.6181364059448242,-0.04260540008544922,5.943282604217529,8.400457732522273,6.040904648459172
2228,83647,7.143194198608398,-1.7230829000473022,-0.08521175384521484,4.412868022918701,8.322968808172698,5.963419589044099
2229,83657,7.0633134841918945,-1.8400182723999023,-1.0864496231079102,5.943282604217529,8.24308616128578,5.88354080709801
2230,83667,7.00201940536499,-1.9200043678283691,-0.5964822769165039,5.943282604217529,8.181790093147788,5.822248717582193
2231,83677,6.924798011779785,-2.021669626235962,-0.33019542694091797,6.216668128967285,8.104566710248141,5.745029313311429
2232,83687,6.865204334259033,-2.1041362285614014,-1.4166450500488281,5.943282604217529,8.044971043409593,5.685437625108473
2233,83697,6.791465759277344,-2.1967623233795166,-0.25563526153564453,5.943282604217529,7.971230535944548,5.61170098261014
2234,83707,6.734412670135498,-2.2745001316070557,-1.6616287231445312,5.943282604217529,7.91417551431618,5.554649825954816
2235,83717,6.645942211151123,-2.4012033939361572,-1.5231599807739258,4.412868022918701,7.825703122842118,5.466181299460128
2236,83727,6.559077739715576,-2.5203230381011963,-1.2888269424438477,4.412868022918701,7.738836718913718,5.379318760517434
2237,83737,6.49001932144165,-2.620342969894409,-2.407231330871582,5.943282604217529,7.669776311305608,5.310262331577693
2238,83747,6.384016036987305,-2.7727739810943604,-1.864006519317627,4.144728183746338,7.563771094351985,5.2042609796226245
2239,83757,6.335225582122803,-2.83866548538208,-2.673518180847168,5.943282604217529,7.514978650146686,5.1554725140989195
2240,83767,6.231085300445557,-2.9864518642425537,-2.077035427093506,6.216668128967285,7.410836435963739,5.051334164927375
2241,83777,6.1679463386535645,-3.0734095573425293,-2.8119869232177734,6.216668128967285,7.347695484824335,4.988197192482794
2242,83787,6.105992794036865,-3.153707265853882,-2.524397373199463,6.216668128967285,7.285740007695511,4.92624558037822
2243,83797,6.026072025299072,-3.264011859893799,-2.6841697692871094,4.412868022918701,7.205817306442427,4.846326744155718
2244,83807,5.950514316558838,-3.3683419227600098,-3.0569710731506348,4.412868022918701,7.130257665183736,4.77077096793394
2245,83817,5.896420955657959,-3.431509494781494,-2.4817914962768555,4.412868022918701,7.076162371761234,4.716679539554684
2246,83827,5.823365688323975,-3.5302999019622803,-3.152833938598633,4.412868022918701,7.003105171902462,4.6436262047454875
2247,83837,5.729698181152344,-3.6560378074645996,-2.652215003967285,4.412868022918701,6.909435732202878,4.549960630101809
2248,83847,5.598586559295654,-3.842999219894409,-2.8758959770202637,2.6090681552886963,6.77832212097587,4.418850997615438
2249,83857,5.527270793914795,-3.9263622760772705,-2.620260238647461,6.216668128967285,6.707004366221339,4.347537221608251
2250,83867,5.438271522521973,-4.03623104095459,-2.3965797424316406,4.412868022918701,6.618003162290879,4.258539882753066
2251,83877,5.391167163848877,-4.070202350616455,-1.8959612846374512,4.412868022918701,6.5708968710769815,4.211437456620772
2252,83887,5.325220584869385,-4.12721586227417,-1.0118894577026367,4.412868022918701,6.50494835955352,4.1454928101852495
2253,83897,5.221718788146973,-4.2340898513793945,-0.27693843841552734,4.412868022918701,6.401444630283974,4.041992946009971
2254,83907,5.159595012664795,-4.279760837554932,-0.9479808807373047,4.412868022918701,6.339318922251497,3.979871103078093
2255,83917,5.1411638259887695,-4.242512226104736,0.31954383850097656,6.216668128967285,6.320885803022006,3.961441848955533
2256,83927,5.100739479064941,-4.245392799377441,-0.33019542694091797,6.216668128967285,6.280459523541546,3.921019434588337
2257,83937,5.003241062164307,-4.341221809387207,-0.10651493072509766,4.412868022918701,6.182959230921153,3.82352289340746
2258,83947,4.966268062591553,-4.328592777252197,0.5538768768310547,6.216668128967285,6.145984241945397,3.7865518832377085
2259,83957,4.930561065673828,-4.321160793304443,0.26628684997558594,6.216668128967285,6.110275312461543,3.750846818886113
2260,83967,4.93532657623291,-4.242680072784424,0.5325736999511719,6.216668128967285,6.115038833611009,3.7556143188548115
2261,83977,4.901480674743652,-4.220998287200928,1.3633880615234375,4.412868022918701,6.08119094270878,3.7217704067785244
2262,83987,4.84977388381958,-4.23159646987915,1.235569953918457,4.412868022918701,6.029482162368382,3.670065605270778
2263,83997,4.841709613800049,-4.171119689941406,1.1077518463134766,6.216668128967285,6.02141590292917,3.662003324670928
2264,84007,4.811539173126221,-4.148051738739014,0.8521175384521484,6.216668128967285,5.991243529673011,3.6318348165794303
2265,84017,4.8035736083984375,-4.084207534790039,1.4059934616088867,4.144728183746338,5.983275975518933,3.623871241277942
2266,84027,4.717132091522217,-4.1523590087890625,1.1077518463134766,4.412868022918701,5.896832526053956,3.5374316569904773
2267,84037,4.691988468170166,-4.12529993057251,0.46866416931152344,4.412868022918701,5.871686970109984,3.512289966230348
2268,84047,4.647876739501953,-4.12612771987915,0.6497402191162109,4.412868022918701,5.82757336568776,3.468180113316146
2269,84057,4.605193138122559,-4.123610019683838,0.9586315155029297,4.412868022918701,5.784887774869034,3.425498501376083
2270,84067,4.543796539306641,-4.156769752502441,0.4367103576660156,4.412868022918701,5.723489243451696,3.3641038351615853
2271,84077,4.523204326629639,-4.128651142120361,-0.08521175384521484,6.216668128967285,5.702895041328749,3.343513611930528
2272,84087,4.487264633178711,-4.119617462158203,0.5432243347167969,4.412868022918701,5.666953358428521,3.307575907928901
2273,84097,4.427743434906006,-4.151882171630859,0.23433208465576172,4.144728183746338,5.607430227544711,3.2480566422673003
2274,84107,4.352583885192871,-4.213975429534912,-0.26628589630126953,4.412868022918701,5.532268745217307,3.172899025168436
2275,84117,4.302102088928223,-4.230525970458984,0.2023782730102539,4.412868022918701,5.4817850731769555,3.12241910467949
2276,84127,4.250240325927734,-4.250770092010498,-0.010651588439941406,4.412868022918701,5.429921377555958,3.070559274299511
2277,84137,4.199802875518799,-4.274936199188232,-0.6710424423217773,4.412868022918701,5.379482051365264,3.0201236996723333
2278,84147,4.209034442901611,-4.203670501708984,-0.7562541961669922,6.216668128967285,5.3887116861213284,3.029357199681894
2279,84157,4.218705654144287,-4.124059677124023,0.09586334228515625,6.216668128967285,5.3983809647340895,3.039030343554485
2280,84167,4.228782653808594,-4.0565409660339355,-1.0864496231079102,6.216668128967285,5.408456088607509,3.0491092190096785
2281,84177,4.199145793914795,-4.045346260070801,-0.06390857696533203,6.216668128967285,5.378817296077557,3.0194742917520334
2282,84187,4.209760665893555,-3.9646849632263184,0.31954383850097656,6.216668128967285,5.389430235416995,3.0300910963701138
2283,84197,4.205491065979004,-3.908200263977051,0.4260587692260742,4.772391319274902,5.385158702859958,3.0258234290980495
2284,84207,4.198075771331787,-3.8599600791931152,0.24498367309570312,4.412868022918701,5.377741532409653,3.018410010253921
2285,84217,4.214391231536865,-3.761691093444824,1.5125083923339844,6.576129913330078,5.39405511680866,3.03472734626507
2286,84227,4.227328300476074,-3.6693336963653564,1.5870685577392578,6.216668128967285,5.40699025309607,3.0476663478560786
2287,84237,4.256983280181885,-3.5509049892425537,1.6403255462646484,6.216668128967285,5.436643300146915,3.0773232602168545
2288,84247,4.33363676071167,-3.3635270595550537,1.0757980346679688,8.374500274658203,5.513294848018568,3.1539786734047714
2289,84257,4.389577865600586,-3.2079033851623535,1.6509771347045898,8.015100479125977,5.569234077089211,3.2099216541119606
2290,84267,4.4271135330200195,-3.075991630554199,2.43918514251709,6.576129913330078,5.606767868687388,3.2474591973526508
2291,84277,4.439972400665283,-2.982705593109131,2.822638511657715,6.216668128967285,5.619624860508413,3.2603199408221535
2292,84287,4.453362464904785,-2.882270097732544,3.5895442962646484,6.216668128967285,5.633013048920693,3.2737118808888774
2293,84297,4.468227863311768,-2.7776401042938232,3.877133369445801,6.216668128967285,5.647876514654084,3.2885792119694512
2294,84307,4.541979789733887,-2.5754549503326416,4.399056434631348,8.015100479125977,5.721626508399446,3.3623330710683277
2295,84317,4.600030422210693,-2.3972275257110596,4.803811073303223,6.576129913330078,5.779675208196329,3.420385636225058
2296,84327,4.654152870178223,-2.2257797718048096,5.048794746398926,6.216668128967285,5.833795780324434,3.4745099600320115
2297,84337,4.688157081604004,-2.091536045074463,4.803811073303223,6.216668128967285,5.867798059064052,3.5085161041439563
2298,84347,4.6985368728637695,-1.9942920207977295,5.144658088684082,6.216668128967285,5.878175974478336,3.518897771249203
2299,84357,4.791703224182129,-1.7593289613723755,5.634626388549805,10.178237915039062,5.971340449948231,3.612065998416026
2300,84367,4.848850727081299,-1.5859184265136719,5.6772308349609375,8.374500274658203,6.0284860769959545,3.669215377166643
2301,84377,4.9459357261657715,-1.3533031940460205,5.528110504150391,8.374500274658203,6.125569200225998,3.7663022521055454
2302,84387,4.9637932777404785,-1.2524741888046265,5.506807327270508,4.772391319274902,6.143424875943292,3.7841616795376654
2303,84397,5.040370941162109,-1.0637048482894897,4.846417427062988,8.015100479125977,6.220000663504527,3.860741218819692
2304,84407,5.0962910652160645,-0.9121606349945068,4.793160438537598,8.374500274658203,6.275918911695102,3.916663218737026
2305,84417,5.227441787719727,-0.6376816630363464,5.197916030883789,9.910163879394531,6.407067758332403,4.04781581710705
2306,84427,5.259458541870117,-0.5319876074790955,4.771857261657715,4.412868022918701,6.439082579768877,4.079834503971357
2307,84437,5.333578109741211,-0.362150102853775,4.718600273132324,8.015100479125977,6.513200271767552,4.15395594771487
2308,84447,5.386879920959473,-0.2295284867286682,4.494917869567871,8.374500274658203,6.566500150265657,4.207259691653288
2309,84457,5.400609493255615,-0.16739846765995026,4.058208465576172,6.576129913330078,6.580227846683324,4.220991139827906
2310,84467,5.453643798828125,-0.04206836223602295,4.154071807861328,8.374500274658203,6.633260276374376,4.274027321281874
2311,84477,5.523391246795654,0.0983305275440216,2.9078502655029297,6.216668128967285,6.703005848457464,4.343776645133844
2312,84487,5.552126884460449,0.1693456768989563,2.8971986770629883,6.216668128967285,6.731739610234835,4.372514158686063
2313,84497,5.60447883605957,0.2738439440727234,2.5030946731567383,6.576129913330078,6.784089685943549,4.424867986175592
2314,84507,5.613157749176025,0.30106961727142334,2.34332275390625,6.216668128967285,6.792766780011911,4.433548718340139
2315,84517,5.683996200561523,0.4350256025791168,2.769381523132324,8.374500274658203,6.863603412346512,4.504388988776535
2316,84527,5.75005578994751,0.5582603216171265,2.7480783462524414,8.015100479125977,6.929661182678795,4.5704503972162245
2317,84537,5.779847145080566,0.6247098445892334,3.0569705963134766,6.576129913330078,6.9594506050642195,4.600243685096913
2318,84547,5.77105188369751,0.6276193857192993,3.259347915649414,4.772391319274902,6.95065346777602,4.591450299619
2319,84557,5.761615753173828,0.622079074382782,2.4604883193969727,4.772391319274902,6.941215461344212,4.582016045003444
2320,84567,5.8729143142700195,0.8135710954666138,2.694821357727051,10.178237915039062,7.052512146529295,4.6933164820107445
2321,84577,5.8820719718933105,0.8300343155860901,1.9385671615600586,6.576129913330078,7.061667928238493,4.702476015548128
2322,84587,5.88728141784668,0.8399487733840942,1.8107500076293945,6.216668128967285,7.066875498274786,4.707687337418573
2323,84597,5.915327548980713,0.8864079117774963,1.8427038192749023,8.374500274658203,7.094919753488761,4.735735344472665
2324,84607,5.935338020324707,0.9184146523475647,1.7042341232299805,6.216668128967285,7.114928348909713,4.7557476917397015
2325,84617,5.94352912902832,0.9364879131317139,2.4178829193115234,4.772391319274902,7.1231176385335875,4.763940619523053
2326,84627,5.912420749664307,0.8829637765884399,1.6616287231445312,4.772391319274902,7.092007383240656,4.7328341160879575
2327,84637,5.900928020477295,0.861046552658081,1.4912052154541016,6.576129913330078,7.080512834968207,4.721343205986383
2328,84647,5.909636974334717,0.8650867938995361,0.7882080078125,4.772391319274902,7.089219912890835,4.730054035778599
2329,84657,5.918045997619629,0.8671320080757141,0.777557373046875,4.772391319274902,7.0976270602379685,4.738464935001289
2330,84667,5.906214237213135,0.8434706330299377,1.3953418731689453,6.576129913330078,7.085793423890713,4.726635050535556
2331,84677,5.871541500091553,0.7774139642715454,0.7456026077270508,4.772391319274902,7.051118753978559,4.691964246204546
2332,84687,5.841137409210205,0.7177695035934448,0.6923446655273438,4.772391319274902,7.0207127871503925,4.661562031270018
2333,84697,5.830252170562744,0.6899200677871704,0.6710424423217773,4.772391319274902,7.00982567255313,4.6506786685723585
2334,84707,5.839539051055908,0.7020580172538757,1.2142677307128906,6.576129913330078,7.019110733940606,4.659967368171211
2335,84717,5.829463005065918,0.6752740144729614,0.4260587692260742,4.772391319274902,7.009032811994937,4.6498931981368985
2336,84727,5.760239124298096,0.554864764213562,0.46866416931152344,4.772391319274902,6.939807055268453,4.580671193327738
2337,84737,5.731258392333984,0.5078333020210266,1.352736473083496,4.772391319274902,6.910824447342696,4.551692337325273
2338,84747,5.741848468780518,0.5106465220451355,-0.22368144989013672,4.772391319274902,6.921412704672057,4.562284232888978
2339,84757,5.6747517585754395,0.3984547257423401,1.1503582000732422,2.9686527252197266,6.854314175347001,4.4951893418038775
2340,84767,5.627827167510986,0.31523412466049194,0.4367103576660156,4.772391319274902,6.807387708312133,4.44826662670984
2341,84777,5.619819164276123,0.29109907150268555,-0.28758907318115234,6.576129913330078,6.799377885951593,4.440260442600653
2342,84787,5.5927205085754395,0.2438560128211975,0.6284370422363281,4.772391319274902,6.772277297426804,4.413163719724075
2343,84797,5.546828746795654,0.14776511490345,-1.3420848846435547,4.772391319274902,6.726383659667653,4.367273833923655
2344,84807,5.4977030754089355,0.05752222239971161,-0.4154081344604492,4.772391319274902,6.6772561122985845,4.318150038519287
2345,84817,5.449203968048096,-0.043400686234235764,-1.6935834884643555,4.772391319274902,6.628755128952411,4.26965280714378
2346,84827,5.424226760864258,-0.10239452868700027,-1.5231599807739258,4.772391319274902,6.603776045780257,4.244677475948259
2347,84837,5.380303382873535,-0.1990923285484314,-2.311368465423584,4.772391319274902,6.559850848646499,4.2007559171005715
2348,84847,5.335860252380371,-0.29279273748397827,-2.0557332038879395,4.772391319274902,6.515405899007494,4.1563146057532485
2349,84857,5.253659725189209,-0.45404505729675293,-2.8758959770202637,2.9686527252197266,6.433203495819245,4.074115954559173
2350,84867,5.156221866607666,-0.6398364305496216,-3.120879650115967,2.9686527252197266,6.335763761237631,3.976679971977701
2351,84877,5.075423240661621,-0.7914353609085083,-2.673518180847168,2.6090681552886963,6.254963259288532,3.89588322203471
2352,84887,5.05498743057251,-0.8500862121582031,-3.4084692001342773,4.772391319274902,6.234525630042095,3.875449231102925
2353,84897,5.034693241119385,-0.9044996500015259,-3.099576473236084,6.576129913330078,6.214229621428838,3.855156860809932
2354,84907,4.976231575012207,-1.0180326700210571,-2.9291534423828125,2.9686527252197266,6.155766136158722,3.7966970138656917
2355,84917,4.937600612640381,-1.1054428815841675,-3.7173614501953125,2.9686527252197266,6.117133297772178,3.7580679275085833
2356,84927,4.859225273132324,-1.2530097961425781,-3.4404234886169434,2.9686527252197266,6.038756139095485,3.6796944071691637
2357,84937,4.805781841278076,-1.3557589054107666,-3.216742992401123,2.9686527252197266,5.985310831220642,3.6262528513355106
2358,84947,4.749294281005859,-1.4697802066802979,-4.015603065490723,4.772391319274902,5.928821451774089,3.5697671102376294
2359,84957,4.70879602432251,-1.555395483970642,-3.9516940116882324,4.772391319274902,5.888321319064268,3.5292707295807517
2360,84967,4.637168884277344,-1.683733344078064,-3.3232579231262207,2.9686527252197266,5.816692302989646,3.457645465565042
2361,84977,4.585723876953125,-1.7839467525482178,-3.972996711730957,5.040460586547852,5.765245419632987,3.406202334273263
2362,84987,4.534919738769531,-1.880738377571106,-3.8984365463256836,5.040460586547852,5.7144394054139696,3.355400072125093
2363,84997,4.4628753662109375,-2.0018556118011475,-3.067622184753418,2.9686527252197266,5.6423932136666615,3.283357518755214
2364,85007,4.41195821762085,-2.094101667404175,-3.7812705039978027,2.9686527252197266,5.591474189035273,3.232442246206427
2365,85017,4.403846263885498,-2.11331844329834,-3.5362868309020996,4.772391319274902,5.583360416105506,3.2243321116654897
2366,85027,4.369111061096191,-2.168287992477417,-2.8758959770202637,4.772391319274902,5.548623337269021,3.1895987849233616
2367,85037,4.3578314781188965,-2.1913936138153076,-3.525635242462158,4.772391319274902,5.537341935091613,3.17832102114618
2368,85047,4.368686676025391,-2.173659563064575,-3.0569710731506348,5.040460586547852,5.548195313795188,3.1891780382555934
2369,85057,4.37938928604126,-2.152503252029419,-2.6415634155273438,5.040460586547852,5.558896104605331,3.1998824674771877
2370,85067,4.3899383544921875,-2.138300895690918,-3.2699999809265137,6.844075679779053,5.569443353847729,3.2104333551366464
2371,85077,4.381141185760498,-2.1560065746307373,-3.3232579231262207,5.040460586547852,5.560644422755099,3.201637948765897
2372,85087,4.369634628295898,-2.1720633506774902,-2.801335334777832,4.772391319274902,5.549136046076445,3.1901332105153526
2373,85097,4.381272792816162,-2.1526644229888916,-3.067622184753418,4.772391319274902,5.560772334529275,3.2017732511030492
2374,85107,4.388906955718994,-2.141453266143799,-3.163485527038574,4.772391319274902,5.568404678212353,3.2094092332256356
2375,85117,4.412661552429199,-2.102921485900879,-2.8332901000976562,6.576129913330078,5.592157398849247,3.233165706009151
2376,85127,4.438889980316162,-2.0552892684936523,-2.439185619354248,5.040460586547852,5.618384007510756,3.259395953121568
2377,85137,4.426528453826904,-2.0727498531341553,-2.7267751693725586,4.772391319274902,5.60602060494231,3.247036302711499
2378,85147,4.414403438568115,-2.0868308544158936,-2.353973865509033,4.772391319274902,5.593893713601348,3.2349131635348822
2379,85157,4.4245524406433105,-2.057986259460449,-1.768143653869629,6.844075679779053,5.604040782740276,3.2450640985463455
2380,85167,4.431786060333252,-2.039914131164551,-2.3326711654663086,6.576129913330078,5.6112725263419865,3.252299594324518
2381,85177,4.43897008895874,-2.02107834815979,-2.0983386039733887,6.576129913330078,5.618454678876259,3.2594854990412214
2382,85187,4.465226650238037,-1.9656556844711304,-1.5338115692138672,8.374500274658203,5.644709364061357,3.2857439364147174
2383,85197,4.455811977386475,-1.97344172000885,-1.9492182731628418,6.844075679779053,5.635292815112611,3.2763311396603383
2384,85207,4.501152992248535,-1.8819055557250977,-0.9479808807373047,8.374500274658203,5.680631897022938,3.321674087474133
2385,85217,4.533489227294922,-1.8158971071243286,-1.171661376953125,6.844075679779053,5.712966255966082,3.354012198623762
2386,85227,4.527194023132324,-1.806186556816101,-0.5645284652709961,5.040460586547852,5.706669175697258,3.34771887056739
2387,85237,4.536539077758789,-1.7654434442520142,0.13846874237060547,5.040460586547852,5.716012411066351,3.3570657444512273
2388,85247,4.526811122894287,-1.7646962404251099,-0.777557373046875,5.040460586547852,5.706282580089745,3.3473396656988297
2389,85257,4.540390491485596,-1.7163879871368408,0.2023782730102539,5.040460586547852,5.719860129417981,3.3609208535532105
2390,85267,4.524416446685791,-1.7140589952468872,0.5006189346313477,4.772391319274902,5.7038842085001935,3.344948684871388
2391,85277,4.534723281860352,-1.6770298480987549,-0.29824161529541016,5.040460586547852,5.714189224405983,3.3552573393147207
2392,85287,4.564259052276611,-1.5985612869262695,0.7882080078125,6.844075679779053,5.743723175550664,3.3847949290025587
2393,85297,4.6107378005981445,-1.494637370109558,0.7456026077270508,5.040460586547852,5.790200104597813,3.4312754965984764
2394,85307,4.637696266174316,-1.4291316270828247,0.2023782730102539,4.772391319274902,5.817156750896794,3.4582357814518385
2395,85317,4.670186996459961,-1.3455778360366821,1.2142677307128906,6.844075679779053,5.849645718754984,3.4907282741649377
2396,85327,4.69577169418335,-1.279181718826294,0.7456026077270508,6.576129913330078,5.875228597195658,3.5163147911710415
2397,85337,4.704867839813232,-1.2437992095947266,0.4367103576660156,5.040460586547852,5.884322923540019,3.525412756086446
2398,85347,4.675837516784668,-1.2596431970596313,1.5444622039794922,5.040460586547852,5.855290781223127,3.496384252346209
2399,85357,4.685769557952881,-1.2238554954528809,0.3514986038208008,6.844075679779053,5.865221003100206,3.506318112805556
2400,85367,4.734918594360352,-1.1223719120025635,0.6923446655273438,6.844075679779053,5.914368220213737,3.5554689685069665
2401,85377,4.749035358428955,-1.0763704776763916,0.9053745269775391,5.040460586547852,5.928483164985593,3.5695875518723166
2402,85387,4.797629356384277,-0.9826834201812744,0.1917266845703125,6.844075679779053,5.977075286788207,3.6181834259803476
2403,85397,4.829366207122803,-0.9039943218231201,1.619023323059082,6.844075679779053,6.008810261371039,3.6499221528745665
2404,85407,4.837896347045898,-0.8640400767326355,1.565765380859375,5.040460586547852,6.017338581988794,3.6584541121030028
2405,85417,4.8618340492248535,-0.8083208799362183,0.7349510192871094,6.844075679779053,6.041274464859603,3.6823936335901046
2406,85427,4.932401180267334,-0.6694560647010803,1.6403255462646484,8.647690773010254,6.11183977659113,3.752962583943538
2407,85437,4.996335029602051,-0.5376957654953003,2.140944480895996,6.576129913330078,6.1757717497584865,3.816898309445615
2408,85447,4.999307632446289,-0.5107220411300659,1.7574920654296875,6.844075679779053,6.178742533286071,3.819872731606507
2409,85457,5.029196739196777,-0.44147831201553345,1.7574920654296875,6.844075679779053,6.2086298207171,3.849763657676455
2410,85467,5.075060844421387,-0.3419329524040222,2.300717353820801,6.844075679779053,6.254492106619443,3.895629582223331
2411,85477,5.101315498352051,-0.27229002118110657,2.5989580154418945,6.844075679779053,6.280744941225034,3.9218860554790673
2412,85487,5.103512763977051,-0.2512792646884918,1.6935834884643555,6.844075679779053,6.282940387522155,3.924085140431947
2413,85497,5.1526594161987305,-0.15348488092422485,1.9279146194458008,8.647690773010254,6.332085220413148,3.973233611984312
2414,85507,5.1581926345825195,-0.12387186288833618,2.311367988586426,5.040460586547852,6.3376166194634465,3.978768649701593
2415,85517,5.163846015930176,-0.09580916166305542,2.0557336807250977,6.844075679779053,6.343268181474803,3.984423850385548
2416,85527,5.174266815185547,-0.06735251843929291,1.3953418731689453,5.040460586547852,6.35368716139107,3.9948464689800236
2417,85537,5.180826187133789,-0.04422635957598686,1.6403255462646484,5.040460586547852,6.360244713997401,4.001407660270177
2418,85547,5.229515075683594,0.052711598575115204,2.2048540115356445,6.844075679779053,6.408931783202488,4.0500983681647
2419,85557,5.238421440124512,0.08348868787288666,2.162247657775879,6.844075679779053,6.417836385150534,4.059006495098489
2420,85567,5.248240947723389,0.11584686487913132,2.151597023010254,5.040460586547852,6.427654073399168,4.068827822047609
2421,85577,5.296319484710693,0.20655450224876404,1.8214006423950195,6.844075679779053,6.475730847888249,4.116908121533138
2422,85587,5.362900257110596,0.3276805579662323,2.0663843154907227,8.647690773010254,6.542309800932382,4.183490713288809
2423,85597,5.405609607696533,0.414764940738678,2.875896453857422,7.203232765197754,6.585017389014743,4.226201826378324
2424,85607,5.427768230438232,0.46917909383773804,2.9504566192626953,6.844075679779053,6.607174192395148,4.2483622684813165
2425,85617,5.446847915649414,0.5174560546875,2.854593276977539,6.844075679779053,6.6262521150974,4.267443716201428
2426,85627,5.491655349731445,0.608798623085022,3.3126068115234375,8.647690773010254,6.671057786667868,4.312252912795023
2427,85637,5.5989813804626465,0.7966192960739136,2.822638511657715,9.00672435760498,6.778382054884871,4.4195807060404215
2428,85647,5.600441932678223,0.8101269602775574,2.8971986770629883,5.040460586547852,6.77984078772819,4.421043077628255
2429,85657,5.624016761779785,0.8560201525688171,2.4604883193969727,6.844075679779053,6.80341379745469,4.4446197261048805
2430,85667,5.722819805145264,1.027885913848877,2.9291534423828125,8.647690773010254,6.902215078297898,4.543424531992629
2431,85677,5.717878341674805,1.0295475721359253,2.9078502655029297,6.844075679779053,6.897271852302536,4.538484831047073
2432,85687,5.736989974975586,1.0755146741867065,3.4617271423339844,6.844075679779053,6.91638172307578,4.557598226875392
2433,85697,5.814304351806641,1.2142696380615234,3.6854076385498047,8.647690773010254,6.993694280520808,4.634914423092473
2434,85707,5.831202983856201,1.2499966621398926,3.2273941040039062,6.844075679779053,7.010591150037477,4.651814817674925
2435,85717,5.887988090515137,1.3489384651184082,3.142183303833008,6.844075679779053,7.067374494160889,4.708601686869384
2436,85727,5.8817925453186035,1.3347877264022827,2.162247657775879,3.242213249206543,7.061177186426198,4.702407904211009
2437,85737,5.925353527069092,1.4074490070343018,2.769381523132324,7.203232765197754,7.104736405635894,4.74597064850229
2438,85747,5.902329444885254,1.3702361583709717,2.673518180847168,3.242213249206543,7.081710560908629,4.722948328861879
2439,85757,5.883456707000732,1.341666579246521,2.822638511657715,5.040460586547852,7.062836060478047,4.7040773535234175
2440,85767,5.841061592102051,1.2766904830932617,2.918501853942871,5.040460586547852,7.020439183030671,4.66168400117343
2441,85777,5.783089637756348,1.1845511198043823,2.609609603881836,5.040460586547852,6.962465466133639,4.603713809379056
2442,85787,5.746128559112549,1.1316030025482178,2.9930620193481445,5.040460586547852,6.925502624935878,4.56675449328922
2443,85797,5.690752029418945,1.0424120426177979,2.26876163482666,5.399740695953369,6.870124332685677,4.511379726152214
2444,85807,5.679239273071289,1.0275402069091797,2.5030946731567383,5.399740695953369,6.8586098137787905,4.499868732363788
2445,85817,5.664151668548584,1.010464072227478,2.8119869232177734,5.040460586547852,6.84352044669422,4.484782890402948
2446,85827,5.645564556121826,0.9876410365104675,2.758729934692383,5.040460586547852,6.8249316285599235,4.466197483683729
2447,85837,5.591991901397705,0.9114655256271362,3.0889244079589844,3.242213249206543,6.771357211268754,4.4126265915266565
2448,85847,5.558540344238281,0.8707070350646973,3.1954402923583984,5.040460586547852,6.737903891539648,4.379176796936915
2449,85857,5.54862117767334,0.8641204833984375,2.7480783462524414,5.399740695953369,6.72798296240239,4.36925939294429
2450,85867,5.535148620605469,0.8535762429237366,2.9291534423828125,5.040460586547852,6.714508642759567,4.355788598451371
2451,85877,5.51915979385376,0.8394055962562561,2.875896453857422,5.040460586547852,6.6985180534302735,4.339801534277246
2452,85887,5.5035505294799805,0.8221955895423889,2.5457000732421875,5.040460586547852,6.682906969618804,4.324194089341157
2453,85897,5.471970558166504,0.7811789512634277,2.801335334777832,5.040460586547852,6.651325235722389,4.292615880610619
2454,85907,5.437258720397949,0.7387378811836243,3.110227584838867,5.040460586547852,6.616611635368262,4.257905805427637
2455,85917,5.368829727172852,0.640485405921936,2.9398040771484375,3.242213249206543,6.548180936412682,4.189478517933021
2456,85927,5.2978363037109375,0.5439437627792358,3.4084692001342773,3.242213249206543,6.477185693502202,4.118486913919673
2457,85937,5.344740867614746,0.6411498785018921,3.483029365539551,6.844075679779053,6.524088551670429,4.165393183559063
2458,85947,5.297475337982178,0.5857186913490295,3.5895442962646484,3.242213249206543,6.4768212025838565,4.118129473380499
2459,85957,5.291259288787842,0.5982791781425476,3.6747560501098633,3.242213249206543,6.470603447648841,4.111915129926842
2460,85967,5.304443836212158,0.640890896320343,3.6214981079101562,5.040460586547852,6.483786175613714,4.125101496810602
2461,85977,5.258459091186523,0.5875155329704285,3.6854076385498047,3.242213249206543,6.437799724842302,4.079118457530745
2462,85987,5.232458114624023,0.568864107131958,3.7706193923950195,5.040460586547852,6.41179698567324,4.053119243574807
2463,85997,5.230049133300781,0.5893381834030151,3.791921615600586,5.399740695953369,6.4093862417408,4.050712024860762
2464,86007,5.267137050628662,0.6701709032058716,3.4510746002197266,7.203232765197754,6.44647233959836,4.087801761658964
2465,86017,5.261738300323486,0.6794941425323486,3.280651092529297,5.399740695953369,6.441071826678635,4.082404773968338
2466,86027,5.213634490966797,0.616863489151001,2.9398040771484375,5.040460586547852,6.39296625470476,4.034302727228834
2467,86037,5.212238311767578,0.6276891231536865,2.652215003967285,5.399740695953369,6.391568312885723,4.032908310649433
2468,86047,5.149859428405762,0.5354555249214172,2.2474594116210938,5.399740695953369,6.329187666901452,3.9705311899100706
2469,86057,5.127686500549316,0.5042752027511597,1.6722803115844727,5.040460586547852,6.307012976419919,3.948360024678713
2470,86067,5.125017166137695,0.49961310625076294,1.2568731307983398,5.040460586547852,6.304341879380576,3.9456924528948143
2471,86077,5.125270366668701,0.4965810775756836,1.0864496231079102,5.040460586547852,6.304593317281226,3.9459474160561765
2472,86087,5.102504730224609,0.45892956852912903,1.2781753540039062,5.040460586547852,6.2818259182041425,3.9231835422450763
2473,86097,5.0772504806518555,0.41154786944389343,0.31954383850097656,5.040460586547852,6.256569962855018,3.897930998448693
2474,86107,5.016936779022217,0.2972865700721741,-0.3621492385864258,5.399740695953369,6.196254498587204,3.8376190594572295
2475,86117,4.914475440979004,0.12117549777030945,0.09586334228515625,1.4385979175567627,6.093791341043757,3.7351595409142506
2476,86127,4.840317249298096,-0.010985016822814941,-0.7988595962524414,3.242213249206543,6.01963138671932,3.6610031118768718
2477,86137,4.84550666809082,-0.018481064587831497,-0.8521175384521484,5.399740695953369,6.0248190428658805,3.66619429331576
2478,86147,4.791295051574707,-0.1106085479259491,0.09586334228515625,3.601616382598877,5.970605663700969,3.611984439448445
2479,86157,4.754136085510254,-0.17776300013065338,-0.6390886306762695,5.040460586547852,5.933444934985083,3.5748272360354245
2480,86167,4.7136993408203125,-0.25446444749832153,-0.9160261154174805,5.040460586547852,5.893006427641074,3.5343922539995503
2481,86177,4.720585346221924,-0.25063565373420715,-0.7882089614868164,5.399740695953369,5.899890670385984,3.5412800220578635
2482,86187,4.691961288452148,-0.30797484517097473,-0.9479808807373047,3.601616382598877,5.871264906816892,3.5126576700874046
